"Arthropod species [row]" "Individuals" "Generality" "Vulner"
"1" 69 9624 1.91543845593966 1.38882889108086
"2" 68.33 9528.51 1.9093335205124 1.38315660878651
"3" 67.67 9439.35 1.90337519620049 1.3792861547987
"4" 67.05 9314.07 1.89694149077404 1.37365989290584
"5" 66.35 9174.37 1.88703671058419 1.37230285298385
"6" 65.69 9075.33 1.87639381414431 1.36967114662026
"7" 65.04 8961.9 1.86382276657322 1.36380280075815
"8" 64.48 8861.53 1.85645031959792 1.3588911626162
"9" 63.84 8777.13 1.84929772779444 1.35274869167361
"10" 63.14 8655.85 1.84011059709435 1.3492123158169
"11" 62.49 8545.09 1.82792606395557 1.34306388547742
"12" 61.76 8425.5 1.82479421354588 1.34243911675685
"13" 61.09 8323.15 1.81686159755886 1.33585415732584
"14" 60.41 8215.29 1.80817629326114 1.33545515645653
"15" 59.81 8088.95 1.7947550421 1.32646155525191
"16" 59.08 7978.97 1.7814007294094 1.32374204533768
"17" 58.39 7868.28 1.7698975273932 1.32058030546314
"18" 57.7 7779.64 1.75759802242369 1.31652977054412
"19" 57.07 7682.77 1.75092042995842 1.31042096132657
"20" 56.43 7583.51 1.74290420762934 1.30683394842463
"21" 55.74 7484.08 1.73500779327846 1.30302787382761
"22" 55.09 7364.65 1.72625250777053 1.29670878061703
"23" 54.42 7243.93 1.71844644402361 1.29161831121195
"24" 53.74 7134.86 1.70471970984431 1.2866998222648
"25" 53.04 7032.79 1.69274577484526 1.28413840125855
"26" 52.32 6932.23 1.68337244066459 1.27994037368232
"27" 51.61 6824.52 1.68039500186757 1.27988709752478
"28" 50.97 6700.2 1.66841234287716 1.27350594163432
"29" 50.35 6605.26 1.65453448808873 1.26919276765397
"30" 49.6 6505.63 1.64485842091591 1.26769251133173
"31" 48.9 6404.24 1.63382583636435 1.26520224465786
"32" 48.22 6302.61 1.61880082071506 1.26312053936025
"33" 47.48 6202.53 1.60703148186043 1.25961149048635
"34" 46.75 6072.86 1.59835449400417 1.25580738369594
"35" 45.99 5955.92 1.5895560636064 1.25220546985549
"36" 45.38 5859.33 1.57956913920214 1.24382741559536
"37" 44.73 5753.52 1.56746378608885 1.23816148907898
"38" 43.92 5654.01 1.55956943948176 1.23728411311846
"39" 43.26 5547.08 1.55150103140721 1.23154823326775
"40" 42.58 5415.18 1.53656028817992 1.22732301830742
"41" 41.95 5325.74 1.52707576447878 1.21719954718797
"42" 41.19 5230.27 1.51372137530384 1.2160123284089
"43" 40.45 5106.85 1.51196147707517 1.21154406553649
"44" 39.75 4995.53 1.50350911039276 1.20686524019019
"45" 39.04 4897 1.48739283659494 1.20067011508968
"46" 38.35 4800.27 1.47678223328557 1.19620395652047
"47" 37.55 4715.81 1.46535440952089 1.19271674878138
"48" 36.79 4601.67 1.4599051320088 1.1903387096553
"49" 36.09 4506.73 1.44721110168732 1.18546313253372
"50" 35.35 4389.47 1.44003706380621 1.18420215289043
"51" 34.63 4312.46 1.42771393970489 1.17876024491372
"52" 33.98 4209.39 1.4143814662581 1.17142636254719
"53" 33.32 4107.59 1.40205280440914 1.16433867426333
"54" 32.5 4001.99 1.38873276757472 1.16121466901626
"55" 31.74 3895.77 1.37798848056191 1.15776248789194
"56" 30.99 3790.58 1.36519151945786 1.14875050114257
"57" 30.22 3679.37 1.35289836799043 1.14403048540812
"58" 29.45 3571.14 1.34560012077412 1.13946827060022
"59" 28.62 3455.6 1.33233104495337 1.13623554953852
"60" 27.85 3358.83 1.31681158373908 1.13139517825004
"61" 27.03 3258.2 1.3102424237796 1.12931757283172
"62" 26.25 3136.6 1.2988924792769 1.12462908435913
"63" 25.46 3008.92 1.28908817062146 1.1245381701669
"64" 24.65 2902.7 1.27878729919608 1.1180758908783
"65" 23.87 2787.09 1.26416455843027 1.1161710933587
"66" 23.13 2701.68 1.25278467124765 1.1062252413973
"67" 22.36 2595.22 1.23977787988482 1.10385472075744
"68" 21.48 2485.56 1.22369355204854 1.10234773752574
"69" 20.78 2369.51 1.21976350977318 1.09533926195896
"70" 19.93 2283.36 1.207612902099 1.09480458942534
"71" 19.16 2170.83 1.1986823012173 1.08843397254311
"72" 18.26 2063.43 1.18899171827962 1.08686431998203
"73" 17.41 1952.76 1.17438435634632 1.08186566094792
"74" 16.56 1839.5 1.16712040637505 1.07868950566603
"75" 15.74 1745.37 1.16717909096818 1.06879257065029
"76" 14.88 1637.88 1.16466481900235 1.06749522414728
"77" 14.02 1547.02 1.16160881520728 1.05808240923794
"78" 13.16 1468.29 1.14748032910371 1.05158201075973
"79" 12.23 1360.86 1.14024312308435 1.05043159558122
"80" 11.38 1269.14 1.12283161711957 1.04783326880964
"81" 10.51 1152.82 1.12234056964946 1.04384495605496
"82" 9.6 1052.95 1.10797995872728 1.04082114704395
"83" 8.68 965.34 1.09442319198706 1.03282267138009
"84" 7.8 864.69 1.08643062776117 1.02499269827522
"85" 6.86 759.86 1.07378963391421 1.02301311339742
"86" 5.87 630.16 1.0630150910338 1.02110583461615
"87" 4.9 545.1 1.04335829351608 1.02082662272947
"88" 3.93 426.33 1.03105145551048 1.02190602512502
"89" 2.96 337.21 1.02922461408829 1.01852963565945
"90" 2 229.99 1 1
"91" 1 132.91 1 1
