"V1" "V2" "V3" "V4"
"1" 1 1 1.91543845593966 1.38882889108086
"2" 0.999792186201164 0.989010989010989 1.91421287489159 1.38890971188549
"3" 0.999584372402328 0.978021978021978 1.91198881437513 1.38899056629545
"4" 0.999376558603491 0.967032967032967 1.91006942435201 1.38907145433169
"5" 0.999168744804655 0.956043956043956 1.90721944779789 1.38765602928104
"6" 0.998960931005819 0.945054945054945 1.90446334733525 1.38773667334787
"7" 0.998753117206983 0.934065934065934 1.90284057484476 1.38781735097446
"8" 0.998545303408146 0.923076923076923 1.90100403353729 1.38789806218173
"9" 0.99833748960931 0.912087912087912 1.89936218174818 1.38356257904383
"10" 0.998129675810474 0.901098901098901 1.89954943183807 1.38364243800261
"11" 0.997817955112219 0.89010989010989 1.89775389267853 1.38376228881111
"12" 0.997506234413965 0.879120879120879 1.8926898176308 1.38388221452636
"13" 0.997194513715711 0.868131868131868 1.88946982057667 1.38248406414555
"14" 0.996778886118038 0.857142857142857 1.88560892636687 1.3826435487965
"15" 0.996363258520366 0.846153846153846 1.88218325911821 1.38280316650379
"16" 0.995843724023275 0.835164835164835 1.8783915940412 1.38300287600217
"17" 0.995324189526185 0.824175824175824 1.87619129718934 1.37705345589233
"18" 0.994700748129676 0.813186813186813 1.87323151009086 1.37728977896089
"19" 0.994077306733167 0.802197802197802 1.86481617527526 1.37752639845224
"20" 0.993453865336658 0.791208791208791 1.86143195721488 1.37106293049416
"21" 0.99283042394015 0.78021978021978 1.85837051440404 1.37129593704392
"22" 0.992206982543641 0.769230769230769 1.85561890665017 1.37152923640744
"23" 0.991583541147132 0.758241758241758 1.85158893988068 1.37176282913703
"24" 0.990960099750623 0.747252747252747 1.84830246572468 1.36919327877122
"25" 0.990336658354115 0.736263736263736 1.84465065009879 1.35967611219476
"26" 0.989609310058188 0.725274725274725 1.84270278021599 1.35559896408577
"27" 0.988778054862843 0.714285714285714 1.83823004613656 1.35589791235318
"28" 0.987946799667498 0.703296703296703 1.8304807653297 1.34525966604248
"29" 0.987011637572735 0.692307692307692 1.81784634661725 1.34272632404571
"30" 0.986076475477972 0.681318681318681 1.80609343624876 1.34305135427926
"31" 0.985141313383209 0.67032967032967 1.80238304130405 1.34337700159373
"32" 0.984206151288446 0.659340659340659 1.79758485680389 1.34370326774812
"33" 0.983167082294264 0.648351648351648 1.78938621557843 1.34406651364513
"34" 0.981816292601829 0.637362637362637 1.78531332629922 1.34018067840181
"35" 0.980153782211139 0.626373626373626 1.78046965208926 1.32541173487556
"36" 0.978387364921031 0.615384615384615 1.77349868518936 1.32599924544193
"37" 0.976413133832086 0.604395604395604 1.76948363290373 1.31197406733783
"38" 0.97402327514547 0.593406593406593 1.76124366275744 1.31273952536522
"39" 0.971529509559435 0.582417582417582 1.76319765718591 1.31354227922712
"40" 0.968724023275146 0.571428571428571 1.7498568164009 1.31445031757735
"41" 0.965502909393184 0.56043956043956 1.75235849110047 1.31549938772854
"42" 0.962073981712386 0.549450549450549 1.74220229026107 1.3166238590316
"43" 0.958645054031588 0.538461538461538 1.73269025865334 1.31775637446061
"44" 0.955008312551953 0.527472527472527 1.72123394809885 1.31896641396732
"45" 0.950955943474647 0.516483516483517 1.69135743112739 1.30018307320548
"46" 0.94690357439734 0.505494505494505 1.69431616478414 1.28962475293544
"47" 0.942539484621779 0.494505494505495 1.69753094583595 1.29096575609091
"48" 0.937655860349127 0.483516483516484 1.68751925917303 1.29248120273722
"49" 0.932668329177057 0.472527472527473 1.6612906472661 1.27933945862472
"50" 0.927576891105569 0.461538461538462 1.64783708706816 1.28087274343177
"51" 0.921342477140482 0.450549450549451 1.65222078225527 1.28277331460646
"52" 0.913965087281795 0.43956043956044 1.63149979631376 1.21985894725598
"53" 0.906483790523691 0.428571428571429 1.54373667551263 1.22167346401463
"54" 0.898690773067332 0.417582417582418 1.50836844581135 1.22359571049412
"55" 0.890170407315046 0.406593406593407 1.51323435132746 1.22573588187973
"56" 0.881130507065669 0.395604395604396 1.46564483161272 1.22805180425279
"57" 0.871882793017456 0.384615384615385 1.44631005142348 1.23047065904703
"58" 0.862635078969244 0.373626373626374 1.45109463279866 1.20112244818745
"59" 0.851932668329177 0.362637362637363 1.45676151256183 1.20364905047593
"60" 0.841022443890274 0.351648351648352 1.43052833776014 1.20629090250212
"61" 0.829696591853699 0.340659340659341 1.43640530567697 1.14280350139338
"62" 0.818266832917706 0.32967032967033 1.40366672206374 1.10791895006249
"63" 0.806733167082294 0.318681318681319 1.29923774254518 1.1094618407705
"64" 0.794368246051538 0.307692307692308 1.30389559622247 1.11116569414547
"65" 0.781483790523691 0.296703296703297 1.26471165166342 1.11299850176069
"66" 0.766521197007481 0.285714285714286 1.17269420270524 1.11520424722003
"67" 0.751142975893599 0.274725274725275 1.13305965268566 1.11756283465792
"68" 0.735245220282627 0.263736263736264 1.13593671979432 1.12010482359273
"69" 0.718412302576891 0.252747252747253 1.13912181505129 1.12291896611833
"70" 0.701267664172901 0.241758241758242 1.1425230744206 1.07615481875129
"71" 0.684123025768911 0.230769230769231 1.14609481003412 1.07806331587977
"72" 0.666354945968412 0.21978021978022 1.14999036788782 1.080144842001
"73" 0.644222776392352 0.208791208791209 1.15514326278462 1.08289820512136
"74" 0.620947630922693 0.197802197802198 1.16095853903357 1.08600550062792
"75" 0.59736076475478 0.186813186813187 1.08517156726749 1.08940143881587
"76" 0.57356608478803 0.175824175824176 1 1.0931103028537
"77" 0.54977140482128 0.164835164835165 1 1.09714021390142
"78" 0.524210307564422 0.153846153846154 1 1.10187688240881
"79" 0.49833748960931 0.142857142857143 1 1.1071661534096
"80" 0.472256857855362 0.131868131868132 1 1.11308446023156
"81" 0.445760598503741 0.120879120879121 1 1
"82" 0.418848711554447 0.10989010989011 1 1
"83" 0.391521197007481 0.0989010989010989 1 1
"84" 0.363050706566916 0.0879120879120879 1 1
"85" 0.334580216126351 0.0769230769230769 1 1
"86" 0.302680798004988 0.0659340659340659 1 1
"87" 0.26880714879468 0.0549450549450549 1 1
"88" 0.226101413133832 0.043956043956044 1 1
"89" 0.17975893599335 0.032967032967033 1 1
"90" 0.12832502078138 0.021978021978022 1 1
"91" 0.0644222776392352 0.010989010989011 1 1
