"V1" "V2" "V3"
"1" 1 1 0.35576669555885
"2" 0.999896222498962 0.99912510936133 0.35594057761436
"3" 0.999792444997924 0.99825021872266 0.356092829077982
"4" 0.999688667496887 0.99737532808399 0.356232635723752
"5" 0.999584889995849 0.996500437445319 0.35634980532641
"6" 0.999481112494811 0.995625546806649 0.356466268736294
"7" 0.999377334993773 0.994750656167979 0.356568206549601
"8" 0.999273557492736 0.993875765529309 0.356633143041831
"9" 0.999169779991698 0.993000874890639 0.356674221269585
"10" 0.99906600249066 0.992125984251969 0.356712581186914
"11" 0.998962224989622 0.991251093613298 0.35673874469361
"12" 0.998858447488584 0.990376202974628 0.356759361383112
"13" 0.998754669987547 0.989501312335958 0.356762737339452
"14" 0.998650892486509 0.988626421697288 0.356766336327626
"15" 0.998547114985471 0.987751531058618 0.356767609786813
"16" 0.998443337484433 0.986876640419947 0.356784617177127
"17" 0.998339559983396 0.986001749781277 0.356886783157067
"18" 0.998235782482358 0.985126859142607 0.356961187679669
"19" 0.99813200498132 0.984251968503937 0.357014422811745
"20" 0.998028227480282 0.983377077865267 0.357067164027081
"21" 0.997924449979244 0.982502187226597 0.357096995946693
"22" 0.997820672478207 0.981627296587926 0.357117092647793
"23" 0.997716894977169 0.980752405949256 0.357320465151262
"24" 0.997613117476131 0.979877515310586 0.357452780973265
"25" 0.997509339975093 0.979002624671916 0.357563913770025
"26" 0.997405562474056 0.978127734033246 0.357636832307127
"27" 0.997301784973018 0.977252843394576 0.357706732370313
"28" 0.99719800747198 0.976377952755906 0.357770547930063
"29" 0.997094229970942 0.975503062117235 0.357809014944018
"30" 0.996990452469904 0.974628171478565 0.357848465479655
"31" 0.996886674968867 0.973753280839895 0.357869985532913
"32" 0.996782897467829 0.972878390201225 0.357882546353584
"33" 0.996679119966791 0.972003499562555 0.357898595539101
"34" 0.996575342465753 0.971128608923885 0.357916239202544
"35" 0.996471564964716 0.970253718285214 0.357932713784234
"36" 0.996367787463678 0.969378827646544 0.358066720990066
"37" 0.99626400996264 0.968503937007874 0.358196944667392
"38" 0.996160232461602 0.967629046369204 0.358314175565862
"39" 0.996056454960564 0.966754155730534 0.358427828909081
"40" 0.995952677459527 0.965879265091864 0.358520887962711
"41" 0.995848899958489 0.965004374453193 0.358601736116149
"42" 0.995745122457451 0.964129483814523 0.358670046525767
"43" 0.995641344956413 0.963254593175853 0.358729987629041
"44" 0.995537567455376 0.962379702537183 0.358777258204915
"45" 0.995433789954338 0.961504811898513 0.35881646315593
"46" 0.9953300124533 0.960629921259842 0.358861148352065
"47" 0.995226234952262 0.959755030621172 0.35888832579913
"48" 0.995122457451225 0.958880139982502 0.358906668901791
"49" 0.995018679950187 0.958005249343832 0.358928867557305
"50" 0.994914902449149 0.957130358705162 0.359104977815913
"51" 0.994811124948111 0.956255468066492 0.359264300939334
"52" 0.994707347447073 0.955380577427822 0.359393036936915
"53" 0.994603569946036 0.954505686789151 0.359523565932247
"54" 0.994499792444998 0.953630796150481 0.359648725443736
"55" 0.99439601494396 0.952755905511811 0.359746849701468
"56" 0.994292237442922 0.951881014873141 0.359835293369431
"57" 0.994188459941885 0.951006124234471 0.359929946438261
"58" 0.994084682440847 0.950131233595801 0.360003126913323
"59" 0.993980904939809 0.94925634295713 0.360064918079493
"60" 0.993877127438771 0.94838145231846 0.360129697193976
"61" 0.993773349937733 0.94750656167979 0.360177996176375
"62" 0.993669572436696 0.94663167104112 0.360223849297581
"63" 0.993565794935658 0.94575678040245 0.360253922561837
"64" 0.99346201743462 0.94488188976378 0.360278320077893
"65" 0.993358239933582 0.944006999125109 0.360400833406649
"66" 0.993254462432545 0.943132108486439 0.360534053695389
"67" 0.993150684931507 0.942257217847769 0.360623253908861
"68" 0.993046907430469 0.941382327209099 0.360696614361958
"69" 0.992943129929431 0.940507436570429 0.360744084861349
"70" 0.992839352428393 0.939632545931758 0.360772005998027
"71" 0.992735574927356 0.938757655293088 0.360788633416477
"72" 0.992631797426318 0.937882764654418 0.360952590291165
"73" 0.99252801992528 0.937007874015748 0.36110676379131
"74" 0.992424242424242 0.936132983377078 0.361277186063029
"75" 0.992320464923205 0.935258092738408 0.361385186972911
"76" 0.992216687422167 0.934383202099738 0.36148433977426
"77" 0.992112909921129 0.933508311461067 0.36153817300552
"78" 0.992009132420091 0.932633420822397 0.361607567704947
"79" 0.991905354919054 0.931758530183727 0.361661441050337
"80" 0.991801577418016 0.930883639545057 0.361657786529629
"81" 0.991697799916978 0.930008748906387 0.361659123483566
"82" 0.99159402241594 0.929133858267717 0.36174359796862
"83" 0.991490244914902 0.928258967629046 0.3618375071266
"84" 0.991386467413865 0.927384076990376 0.361902059088669
"85" 0.991282689912827 0.926509186351706 0.361964527004528
"86" 0.991178912411789 0.925634295713036 0.362015117546658
"87" 0.991075134910751 0.924759405074366 0.362042949725725
"88" 0.990971357409714 0.923884514435696 0.36208477376752
"89" 0.990867579908676 0.923009623797025 0.362092692141239
"90" 0.990763802407638 0.922134733158355 0.362092238946034
"91" 0.9906600249066 0.921259842519685 0.362173981491117
"92" 0.990556247405562 0.920384951881015 0.362243397470216
"93" 0.990452469904525 0.919510061242345 0.362304441412678
"94" 0.990348692403487 0.918635170603675 0.362348574042848
"95" 0.990244914902449 0.917760279965004 0.362372523301131
"96" 0.990141137401411 0.916885389326334 0.362361309482518
"97" 0.990037359900374 0.916010498687664 0.362353699056273
"98" 0.989933582399336 0.915135608048994 0.362349417944205
"99" 0.989829804898298 0.914260717410324 0.362502841378044
"100" 0.98972602739726 0.913385826771654 0.362646945378748
"101" 0.989622249896222 0.912510936132983 0.362766415051555
"102" 0.989518472395185 0.911636045494313 0.362864435922767
"103" 0.989414694894147 0.910761154855643 0.362962041392462
"104" 0.989310917393109 0.909886264216973 0.363046880399511
"105" 0.989207139892071 0.909011373578303 0.363084480219386
"106" 0.989103362391034 0.908136482939633 0.363104168871831
"107" 0.988999584889996 0.907261592300962 0.363149830615992
"108" 0.988895807388958 0.906386701662292 0.363168509695956
"109" 0.98879202988792 0.905511811023622 0.363188856796996
"110" 0.988688252386883 0.904636920384952 0.36322019767491
"111" 0.988584474885845 0.903762029746282 0.363346382430395
"112" 0.988480697384807 0.902887139107612 0.363423148717398
"113" 0.988376919883769 0.902012248468941 0.363488203926102
"114" 0.988273142382731 0.901137357830271 0.363568637069208
"115" 0.988169364881694 0.900262467191601 0.363607332008175
"116" 0.988065587380656 0.899387576552931 0.363651896272289
"117" 0.987961809879618 0.898512685914261 0.363703433232098
"118" 0.98785803237858 0.897637795275591 0.363733887319136
"119" 0.987754254877543 0.89676290463692 0.363761214621464
"120" 0.987650477376505 0.89588801399825 0.363790719664861
"121" 0.987546699875467 0.89501312335958 0.363818512736838
"122" 0.987442922374429 0.89413823272091 0.363815407331803
"123" 0.987339144873391 0.89326334208224 0.363809146702462
"124" 0.987235367372354 0.89238845144357 0.363807930067191
"125" 0.987131589871316 0.891513560804899 0.363977000522004
"126" 0.987027812370278 0.890638670166229 0.364119239214341
"127" 0.98692403486924 0.889763779527559 0.364254867395555
"128" 0.986820257368203 0.888888888888889 0.364367093020049
"129" 0.986716479867165 0.888013998250219 0.364385226145486
"130" 0.986612702366127 0.887139107611549 0.364419301509734
"131" 0.986508924865089 0.886264216972878 0.364445611086062
"132" 0.986405147364051 0.885389326334208 0.364493384196347
"133" 0.986301369863014 0.884514435695538 0.364477415432154
"134" 0.986197592361976 0.883639545056868 0.364645814381477
"135" 0.986093814860938 0.882764654418198 0.364782899093363
"136" 0.9859900373599 0.881889763779528 0.364819308720438
"137" 0.985886259858863 0.881014873140857 0.364873621760883
"138" 0.985782482357825 0.880139982502187 0.364894682594804
"139" 0.985678704856787 0.879265091863517 0.364877049849158
"140" 0.985574927355749 0.878390201224847 0.364884319030837
"141" 0.985471149854712 0.877515310586177 0.364882703053138
"142" 0.985367372353674 0.876640419947507 0.365052053426498
"143" 0.985263594852636 0.875765529308836 0.365142807950977
"144" 0.985159817351598 0.874890638670166 0.36522320664791
"145" 0.98505603985056 0.874015748031496 0.365280915822584
"146" 0.984952262349523 0.873140857392826 0.365328990011372
"147" 0.984848484848485 0.872265966754156 0.365357468162224
"148" 0.984744707347447 0.871391076115486 0.365377788439959
"149" 0.984640929846409 0.870516185476815 0.365369185518016
"150" 0.984537152345372 0.869641294838145 0.365383155374111
"151" 0.984433374844334 0.868766404199475 0.365575658789985
"152" 0.984329597343296 0.867891513560805 0.365711717018653
"153" 0.984225819842258 0.867016622922135 0.365834423270854
"154" 0.98412204234122 0.866141732283465 0.365957366575408
"155" 0.984018264840183 0.865266841644794 0.36605288469507
"156" 0.983914487339145 0.864391951006124 0.366125868618034
"157" 0.983810709838107 0.863517060367454 0.366168900784905
"158" 0.983706932337069 0.862642169728784 0.366181673871817
"159" 0.983603154836032 0.861767279090114 0.366196101485463
"160" 0.983499377334994 0.860892388451444 0.366331802802447
"161" 0.983395599833956 0.860017497812773 0.366456981950495
"162" 0.983291822332918 0.859142607174103 0.366552784575997
"163" 0.98318804483188 0.858267716535433 0.366648705535129
"164" 0.983084267330843 0.857392825896763 0.366717908860785
"165" 0.982980489829805 0.856517935258093 0.366751677161047
"166" 0.982876712328767 0.855643044619423 0.366787168561259
"167" 0.982772934827729 0.854768153980752 0.366797839784398
"168" 0.982669157326692 0.853893263342082 0.36681881506903
"169" 0.982565379825654 0.853018372703412 0.36680219026565
"170" 0.982461602324616 0.852143482064742 0.366790073320965
"171" 0.982357824823578 0.851268591426072 0.366775943104985
"172" 0.982254047322541 0.850393700787402 0.366893092784744
"173" 0.982150269821503 0.849518810148731 0.366989136179235
"174" 0.982046492320465 0.848643919510061 0.367070202944336
"175" 0.981942714819427 0.847769028871391 0.36709853754004
"176" 0.981838937318389 0.846894138232721 0.367144056945469
"177" 0.981735159817352 0.846019247594051 0.367164599695518
"178" 0.981631382316314 0.845144356955381 0.367143979812197
"179" 0.981527604815276 0.84426946631671 0.367311164189231
"180" 0.981423827314238 0.84339457567804 0.367453969862918
"181" 0.981320049813201 0.84251968503937 0.367543021197048
"182" 0.981216272312163 0.8416447944007 0.367567994524684
"183" 0.981112494811125 0.84076990376203 0.367607873505841
"184" 0.981008717310087 0.83989501312336 0.367632716518307
"185" 0.980904939809049 0.839020122484689 0.367657471384599
"186" 0.980801162308012 0.838145231846019 0.367672567305474
"187" 0.980697384806974 0.837270341207349 0.367681809236904
"188" 0.980593607305936 0.836395450568679 0.367690176453559
"189" 0.980489829804898 0.835520559930009 0.367776549454316
"190" 0.980386052303861 0.834645669291339 0.367874908941427
"191" 0.980282274802823 0.833770778652668 0.367949903641029
"192" 0.980178497301785 0.832895888013998 0.367953912321353
"193" 0.980074719800747 0.832020997375328 0.36794241265402
"194" 0.979970942299709 0.831146106736658 0.368094192944756
"195" 0.979867164798672 0.830271216097988 0.368227859300415
"196" 0.979763387297634 0.829396325459318 0.368289776129008
"197" 0.979659609796596 0.828521434820647 0.368346397923924
"198" 0.979555832295558 0.827646544181977 0.368385974850492
"199" 0.979452054794521 0.826771653543307 0.368368528497872
"200" 0.979348277293483 0.825896762904637 0.368538349668384
"201" 0.979244499792445 0.825021872265967 0.368675173464693
"202" 0.979140722291407 0.824146981627297 0.368809897405539
"203" 0.979036944790369 0.823272090988626 0.368845490801932
"204" 0.978933167289332 0.822397200349956 0.368871835330222
"205" 0.978829389788294 0.821522309711286 0.368855916186846
"206" 0.978725612287256 0.820647419072616 0.368850088572543
"207" 0.978621834786218 0.819772528433946 0.368815275223016
"208" 0.978518057285181 0.818897637795276 0.368811569017457
"209" 0.978414279784143 0.818022747156605 0.368777018041735
"210" 0.978310502283105 0.817147856517935 0.368846603107582
"211" 0.978206724782067 0.816272965879265 0.368906792739325
"212" 0.978102947281029 0.815398075240595 0.369054931373069
"213" 0.977999169779992 0.814523184601925 0.369155947524889
"214" 0.977895392278954 0.813648293963255 0.369247998835981
"215" 0.977791614777916 0.812773403324584 0.369347243345581
"216" 0.977687837276878 0.811898512685914 0.36943955862256
"217" 0.977584059775841 0.811023622047244 0.369461517127985
"218" 0.977480282274803 0.810148731408574 0.369465304419716
"219" 0.977376504773765 0.809273840769904 0.369440258047295
"220" 0.977272727272727 0.808398950131234 0.369405814195784
"221" 0.977168949771689 0.807524059492563 0.369373639032444
"222" 0.977065172270652 0.806649168853893 0.369489873810271
"223" 0.976961394769614 0.805774278215223 0.369576554999161
"224" 0.976857617268576 0.804899387576553 0.36967716758224
"225" 0.976753839767538 0.804024496937883 0.369762004142407
"226" 0.976650062266501 0.803149606299213 0.369844515363845
"227" 0.976546284765463 0.802274715660542 0.369909066870937
"228" 0.976442507264425 0.801399825021872 0.369938708606902
"229" 0.976338729763387 0.800524934383202 0.369967506411231
"230" 0.97623495226235 0.799650043744532 0.369950428690573
"231" 0.976131174761312 0.798775153105862 0.369963326362143
"232" 0.976027397260274 0.797900262467192 0.369937939097944
"233" 0.975923619759236 0.797025371828521 0.369903432860766
"234" 0.975819842258198 0.796150481189851 0.369868837028558
"235" 0.975716064757161 0.795275590551181 0.369829186070481
"236" 0.975612287256123 0.794400699912511 0.369985163869624
"237" 0.975508509755085 0.793525809273841 0.370082443425009
"238" 0.975404732254047 0.792650918635171 0.370161395781543
"239" 0.97530095475301 0.7917760279965 0.370244964559212
"240" 0.975197177251972 0.79090113735783 0.370278534778419
"241" 0.975093399750934 0.79002624671916 0.370314038874974
"242" 0.974989622249896 0.78915135608049 0.370346165851715
"243" 0.974885844748858 0.78827646544182 0.37031660386704
"244" 0.974782067247821 0.78740157480315 0.370296113759362
"245" 0.974678289746783 0.786526684164479 0.370278849732035
"246" 0.974574512245745 0.785651793525809 0.370273430529943
"247" 0.974470734744707 0.784776902887139 0.370236988051399
"248" 0.97436695724367 0.783902012248469 0.370196711833118
"249" 0.974263179742632 0.783027121609799 0.370153206005633
"250" 0.974159402241594 0.782152230971129 0.370128036889924
"251" 0.974055624740556 0.781277340332458 0.37027351961924
"252" 0.973951847239518 0.780402449693788 0.370379931437881
"253" 0.973848069738481 0.779527559055118 0.370468771275162
"254" 0.973744292237443 0.778652668416448 0.370564847105259
"255" 0.973640514736405 0.777777777777778 0.370589019227019
"256" 0.973536737235367 0.776902887139108 0.370611043505063
"257" 0.97343295973433 0.776027996500437 0.370646140695177
"258" 0.973329182233292 0.775153105861767 0.37064673266251
"259" 0.973225404732254 0.774278215223097 0.370777389188952
"260" 0.973121627231216 0.773403324584427 0.370887857863859
"261" 0.973017849730178 0.772528433945757 0.370980033020046
"262" 0.972914072229141 0.771653543307087 0.370988260044662
"263" 0.972810294728103 0.770778652668416 0.370977036943702
"264" 0.972706517227065 0.769903762029746 0.370955880960601
"265" 0.972602739726027 0.769028871391076 0.371058993401328
"266" 0.97249896222499 0.768153980752406 0.371090171722101
"267" 0.972395184723952 0.767279090113736 0.371117417851586
"268" 0.972291407222914 0.766404199475066 0.371139023489181
"269" 0.972187629721876 0.765529308836395 0.371165352746774
"270" 0.972083852220838 0.764654418197725 0.371207248732183
"271" 0.971980074719801 0.763779527559055 0.371197165318269
"272" 0.971876297218763 0.762904636920385 0.371202198267157
"273" 0.971772519717725 0.762029746281715 0.37116265114299
"274" 0.971668742216687 0.761154855643045 0.371139217129265
"275" 0.97156496471565 0.760279965004374 0.371175452519906
"276" 0.971461187214612 0.759405074365704 0.371181367878502
"277" 0.971357409713574 0.758530183727034 0.371196906635666
"278" 0.971253632212536 0.757655293088364 0.371203516565557
"279" 0.971149854711499 0.756780402449694 0.371206342611334
"280" 0.971046077210461 0.755905511811024 0.371190805594881
"281" 0.970942299709423 0.755030621172353 0.371187902560788
"282" 0.970838522208385 0.754155730533683 0.371170126288033
"283" 0.970734744707347 0.753280839895013 0.371136485212017
"284" 0.97063096720631 0.752405949256343 0.371216110878102
"285" 0.970527189705272 0.751531058617673 0.371316218284547
"286" 0.970423412204234 0.750656167979003 0.371404853276559
"287" 0.970319634703196 0.749781277340333 0.371437811006173
"288" 0.970215857202159 0.748906386701662 0.37147427052393
"289" 0.970112079701121 0.748031496062992 0.371459092270181
"290" 0.970008302200083 0.747156605424322 0.371471220315469
"291" 0.969904524699045 0.746281714785652 0.371429567677825
"292" 0.969800747198007 0.745406824146982 0.371413648827303
"293" 0.96969696969697 0.744531933508311 0.371561859245312
"294" 0.969593192195932 0.743657042869641 0.371676660633744
"295" 0.969489414694894 0.742782152230971 0.371694038548488
"296" 0.969385637193856 0.741907261592301 0.371823188714032
"297" 0.969281859692819 0.741032370953631 0.371849010712516
"298" 0.969178082191781 0.740157480314961 0.371853594068954
"299" 0.969074304690743 0.73928258967629 0.371824982040589
"300" 0.968970527189705 0.73840769903762 0.371982749716294
"301" 0.968866749688667 0.73753280839895 0.372043993651249
"302" 0.96876297218763 0.73665791776028 0.372043899502449
"303" 0.968659194686592 0.73578302712161 0.372053230176381
"304" 0.968555417185554 0.73490813648294 0.372074588109401
"305" 0.968451639684516 0.734033245844269 0.37207506834825
"306" 0.968347862183479 0.733158355205599 0.372040204597195
"307" 0.968244084682441 0.732283464566929 0.371995337151075
"308" 0.968140307181403 0.731408573928259 0.372125042670397
"309" 0.968036529680365 0.730533683289589 0.372231584054821
"310" 0.967932752179328 0.729658792650919 0.372314754677193
"311" 0.96782897467829 0.728783902012249 0.372368301785451
"312" 0.967725197177252 0.727909011373578 0.3723956822898
"313" 0.967621419676214 0.727034120734908 0.37239159575715
"314" 0.967517642175176 0.726159230096238 0.372400954188131
"315" 0.967413864674139 0.725284339457568 0.372414507239799
"316" 0.967310087173101 0.724409448818898 0.372410333520415
"317" 0.967206309672063 0.723534558180227 0.372342658861594
"318" 0.967102532171025 0.722659667541557 0.372456208537972
"319" 0.966998754669988 0.721784776902887 0.37255928643923
"320" 0.96689497716895 0.720909886264217 0.37264309494179
"321" 0.966791199667912 0.720034995625547 0.372744507294375
"322" 0.966687422166874 0.719160104986877 0.372810215369182
"323" 0.966583644665836 0.718285214348206 0.372834219449027
"324" 0.966479867164799 0.717410323709536 0.372858680236152
"325" 0.966376089663761 0.716535433070866 0.37285673885695
"326" 0.966272312162723 0.715660542432196 0.372853811943341
"327" 0.966168534661685 0.714785651793526 0.372847551222006
"328" 0.966064757160648 0.713910761154856 0.372817580962213
"329" 0.96596097965961 0.713035870516185 0.372774740262909
"330" 0.965857202158572 0.712160979877515 0.372738907773767
"331" 0.965753424657534 0.711286089238845 0.372883990032595
"332" 0.965649647156496 0.710411198600175 0.37299957958089
"333" 0.965545869655459 0.709536307961505 0.373057146961957
"334" 0.965442092154421 0.708661417322835 0.373111145908739
"335" 0.965338314653383 0.707786526684165 0.373147650776382
"336" 0.965234537152345 0.706911636045494 0.37316368827284
"337" 0.965130759651308 0.706036745406824 0.373150567746512
"338" 0.96502698215027 0.705161854768154 0.373215653100169
"339" 0.964923204649232 0.704286964129484 0.373283496583202
"340" 0.964819427148194 0.703412073490814 0.37334055841105
"341" 0.964715649647157 0.702537182852144 0.373376281532092
"342" 0.964611872146119 0.701662292213473 0.373345065617504
"343" 0.964508094645081 0.700787401574803 0.373289542166109
"344" 0.964404317144043 0.699912510936133 0.373262709291904
"345" 0.964300539643005 0.699037620297463 0.373218465311715
"346" 0.964196762141968 0.698162729658793 0.373225697858145
"347" 0.96409298464093 0.697287839020122 0.373176161890737
"348" 0.963937318389373 0.696412948381452 0.373379519281501
"349" 0.963781652137817 0.695538057742782 0.373516933271562
"350" 0.96362598588626 0.694663167104112 0.373626728788477
"351" 0.963470319634703 0.693788276465442 0.373673522401298
"352" 0.963314653383146 0.692913385826772 0.373711919584814
"353" 0.96315898713159 0.692038495188101 0.374002057716728
"354" 0.963003320880033 0.691163604549431 0.374066554192513
"355" 0.962847654628477 0.690288713910761 0.374116356514671
"356" 0.96269198837692 0.689413823272091 0.374158426475659
"357" 0.962536322125363 0.688538932633421 0.37421129930669
"358" 0.962380655873807 0.687664041994751 0.374523337599804
"359" 0.96222498962225 0.686789151356081 0.374697760030412
"360" 0.962069323370693 0.68591426071741 0.374759673531356
"361" 0.961913657119137 0.68503937007874 0.374779949084861
"362" 0.96175799086758 0.68416447944007 0.374994498476198
"363" 0.961602324616023 0.6832895888014 0.375016985666247
"364" 0.961446658364467 0.68241469816273 0.375021803597049
"365" 0.96129099211291 0.68153980752406 0.375041775020548
"366" 0.961135325861353 0.680664916885389 0.375222711923421
"367" 0.960979659609797 0.679790026246719 0.375289808299514
"368" 0.96082399335824 0.678915135608049 0.375476569380323
"369" 0.960668327106683 0.678040244969379 0.375619636795988
"370" 0.960512660855127 0.677165354330709 0.37574012722111
"371" 0.96035699460357 0.676290463692038 0.375768753251707
"372" 0.960201328352013 0.675415573053368 0.375771446233079
"373" 0.960045662100457 0.674540682414698 0.375911777928683
"374" 0.9598899958489 0.673665791776028 0.376026774285226
"375" 0.959734329597343 0.672790901137358 0.376040706623063
"376" 0.959578663345787 0.671916010498688 0.376040023781669
"377" 0.95942299709423 0.671041119860017 0.376021653565776
"378" 0.959267330842673 0.670166229221347 0.376251099050708
"379" 0.959111664591117 0.669291338582677 0.376365492649225
"380" 0.95895599833956 0.668416447944007 0.376471255784065
"381" 0.958800332088003 0.667541557305337 0.376627429997817
"382" 0.958644665836447 0.666666666666667 0.376702358873691
"383" 0.95848899958489 0.665791776027997 0.376732180868488
"384" 0.958333333333333 0.664916885389326 0.376790000591556
"385" 0.958177667081777 0.664041994750656 0.377075284678659
"386" 0.95802200083022 0.663167104111986 0.37735609399376
"387" 0.957866334578663 0.662292213473316 0.377642109354627
"388" 0.957710668327107 0.661417322834646 0.377790504889517
"389" 0.95755500207555 0.660542432195976 0.37791668811698
"390" 0.957399335823993 0.659667541557305 0.37812098695769
"391" 0.957243669572437 0.658792650918635 0.378289618962839
"392" 0.95708800332088 0.657917760279965 0.378456108768707
"393" 0.956932337069323 0.657042869641295 0.378606194911539
"394" 0.956776670817767 0.656167979002625 0.378673768185243
"395" 0.95662100456621 0.655293088363955 0.378827717002858
"396" 0.956465338314653 0.654418197725284 0.378897456866135
"397" 0.956309672063097 0.653543307086614 0.37888066712049
"398" 0.95615400581154 0.652668416447944 0.378875554307628
"399" 0.955998339559983 0.651793525809274 0.379036118526111
"400" 0.955842673308427 0.650918635170604 0.379187401203714
"401" 0.95568700705687 0.650043744531933 0.379316420012287
"402" 0.955531340805313 0.649168853893263 0.379332640330952
"403" 0.955375674553757 0.648293963254593 0.37951221658823
"404" 0.9552200083022 0.647419072615923 0.379691697920017
"405" 0.955064342050643 0.646544181977253 0.37974385853755
"406" 0.954908675799087 0.645669291338583 0.379784231904206
"407" 0.95475300954753 0.644794400699913 0.379827535920699
"408" 0.954597343295973 0.643919510061242 0.379835378436136
"409" 0.954441677044417 0.643044619422572 0.379803218327859
"410" 0.95428601079286 0.642169728783902 0.379780502126324
"411" 0.954130344541303 0.641294838145232 0.380029377776541
"412" 0.953974678289747 0.640419947506562 0.380170690552358
"413" 0.95381901203819 0.639545056867892 0.380313281840307
"414" 0.953663345786633 0.638670166229221 0.380363859594495
"415" 0.953507679535077 0.637795275590551 0.380429157427301
"416" 0.95335201328352 0.636920384951881 0.380424431535692
"417" 0.953196347031963 0.636045494313211 0.380407319626949
"418" 0.953040680780407 0.635170603674541 0.380648735591407
"419" 0.95288501452885 0.634295713035871 0.38078029371352
"420" 0.952729348277293 0.6334208223972 0.380919148268421
"421" 0.952573682025737 0.63254593175853 0.381049952991408
"422" 0.95241801577418 0.63167104111986 0.381167474354837
"423" 0.952262349522623 0.63079615048119 0.38128274321215
"424" 0.952106683271067 0.62992125984252 0.381321979732491
"425" 0.95195101701951 0.629046369203849 0.381358709858079
"426" 0.951795350767954 0.628171478565179 0.381340646326698
"427" 0.951639684516397 0.627296587926509 0.381324172779305
"428" 0.95148401826484 0.626421697287839 0.381273320006013
"429" 0.951328352013283 0.625546806649169 0.381257251167716
"430" 0.951172685761727 0.624671916010499 0.381196787324467
"431" 0.95101701951017 0.623797025371829 0.381308179291293
"432" 0.950861353258614 0.622922134733158 0.381424239230546
"433" 0.950705687007057 0.622047244094488 0.381471909837236
"434" 0.9505500207555 0.621172353455818 0.381583238151478
"435" 0.950394354503943 0.620297462817148 0.381701536198525
"436" 0.950238688252387 0.619422572178478 0.381692677640369
"437" 0.95008302200083 0.618547681539808 0.381678542995556
"438" 0.949927355749274 0.617672790901137 0.381628567175349
"439" 0.949771689497717 0.616797900262467 0.381568206535712
"440" 0.94961602324616 0.615923009623797 0.381688218650561
"441" 0.949460356994604 0.615048118985127 0.381731787886902
"442" 0.949304690743047 0.614173228346457 0.38194964310873
"443" 0.94914902449149 0.613298337707787 0.382136399642375
"444" 0.948993358239934 0.612423447069116 0.382069861782967
"445" 0.948837691988377 0.611548556430446 0.382122651308873
"446" 0.94868202573682 0.610673665791776 0.382162242029707
"447" 0.948526359485264 0.609798775153106 0.382230252618738
"448" 0.948370693233707 0.608923884514436 0.382281325375104
"449" 0.94821502698215 0.608048993875765 0.382329553104832
"450" 0.948059360730594 0.607174103237095 0.38237679776378
"451" 0.947903694479037 0.606299212598425 0.382393986962249
"452" 0.94774802822748 0.605424321959755 0.382354794575535
"453" 0.947592361975924 0.604549431321085 0.382340241631768
"454" 0.947436695724367 0.603674540682415 0.382274319244203
"455" 0.94728102947281 0.602799650043745 0.382232875751057
"456" 0.947125363221254 0.601924759405074 0.382152270732524
"457" 0.946969696969697 0.601049868766404 0.382063809828941
"458" 0.94681403071814 0.600174978127734 0.381990089462014
"459" 0.946658364466584 0.599300087489064 0.382187363892054
"460" 0.946502698215027 0.598425196850394 0.38238197035769
"461" 0.94634703196347 0.597550306211724 0.382519225020612
"462" 0.946191365711914 0.596675415573053 0.382469721601914
"463" 0.946035699460357 0.595800524934383 0.382535717717773
"464" 0.9458800332088 0.594925634295713 0.382454607154862
"465" 0.945724366957244 0.594050743657043 0.382587645445236
"466" 0.945568700705687 0.593175853018373 0.382652719441484
"467" 0.94541303445413 0.592300962379703 0.382632864737241
"468" 0.945257368202574 0.591426071741032 0.382650315057135
"469" 0.945101701951017 0.590551181102362 0.382562151744582
"470" 0.94494603569946 0.589676290463692 0.382492745219777
"471" 0.944790369447904 0.588801399825022 0.382469381812494
"472" 0.944634703196347 0.587926509186352 0.382590950050033
"473" 0.94447903694479 0.587051618547682 0.382721977935525
"474" 0.944323370693234 0.586176727909011 0.382691618950305
"475" 0.944167704441677 0.585301837270341 0.382917216133105
"476" 0.94401203819012 0.584426946631671 0.383004465234656
"477" 0.943856371938564 0.583552055993001 0.383083398902157
"478" 0.943700705687007 0.582677165354331 0.383303196696103
"479" 0.94354503943545 0.581802274715661 0.383383636458334
"480" 0.943389373183894 0.58092738407699 0.383619617704676
"481" 0.943233706932337 0.58005249343832 0.383814197217948
"482" 0.94307804068078 0.57917760279965 0.383850002497244
"483" 0.942922374429224 0.57830271216098 0.383779941541509
"484" 0.942766708177667 0.57742782152231 0.383969356110358
"485" 0.94261104192611 0.57655293088364 0.383927819232173
"486" 0.942455375674554 0.575678040244969 0.383994825706908
"487" 0.942299709422997 0.574803149606299 0.383962334016914
"488" 0.94214404317144 0.573928258967629 0.383904673810247
"489" 0.941988376919884 0.573053368328959 0.383886061811903
"490" 0.941832710668327 0.572178477690289 0.383804461156188
"491" 0.94167704441677 0.571303587051619 0.384008318763628
"492" 0.941521378165214 0.570428696412948 0.384133496490412
"493" 0.941365711913657 0.569553805774278 0.384179694515966
"494" 0.9412100456621 0.568678915135608 0.384220160435949
"495" 0.941054379410544 0.567804024496938 0.384270497745454
"496" 0.940898713158987 0.566929133858268 0.384372992182634
"497" 0.94074304690743 0.566054243219598 0.384366479451967
"498" 0.940587380655874 0.565179352580927 0.38432999975969
"499" 0.940379825653798 0.564304461942257 0.384672862709007
"500" 0.940172270651723 0.563429571303587 0.384858192432142
"501" 0.939964715649647 0.562554680664917 0.384970197253175
"502" 0.939757160647572 0.561679790026247 0.384988255285149
"503" 0.939549605645496 0.560804899387577 0.385171911388235
"504" 0.93934205064342 0.559930008748906 0.385392209196484
"505" 0.939134495641345 0.559055118110236 0.385479603178647
"506" 0.938926940639269 0.558180227471566 0.385468241469557
"507" 0.938719385637194 0.557305336832896 0.385517844371201
"508" 0.938511830635118 0.556430446194226 0.385591615696725
"509" 0.938304275633043 0.555555555555556 0.3857920770221
"510" 0.938096720630967 0.554680664916885 0.385825089723546
"511" 0.937889165628892 0.553805774278215 0.386087672836926
"512" 0.937681610626816 0.552930883639545 0.386286855394458
"513" 0.937474055624741 0.552055993000875 0.386381092489785
"514" 0.937266500622665 0.551181102362205 0.38637316087253
"515" 0.937058945620589 0.550306211723535 0.386543880878846
"516" 0.936851390618514 0.549431321084864 0.386736613027869
"517" 0.936643835616438 0.548556430446194 0.386674617714729
"518" 0.936436280614363 0.547681539807524 0.386616039110795
"519" 0.936228725612287 0.546806649168854 0.386988121759832
"520" 0.936021170610212 0.545931758530184 0.387318362002255
"521" 0.935813615608136 0.545056867891514 0.387526999029651
"522" 0.935606060606061 0.544181977252843 0.387695107503032
"523" 0.935398505603985 0.543307086614173 0.387995260651279
"524" 0.935190950601909 0.542432195975503 0.388195899158581
"525" 0.934983395599834 0.541557305336833 0.388379746224077
"526" 0.934775840597758 0.540682414698163 0.388458808284169
"527" 0.934568285595683 0.539807524059493 0.388493947894668
"528" 0.934360730593607 0.538932633420822 0.38845152912516
"529" 0.934153175591532 0.538057742782152 0.388720940504435
"530" 0.933945620589456 0.537182852143482 0.388877365900318
"531" 0.933738065587381 0.536307961504812 0.388996058579395
"532" 0.933530510585305 0.535433070866142 0.389094257713462
"533" 0.93332295558323 0.534558180227472 0.389204746350117
"534" 0.933115400581154 0.533683289588801 0.389152462338271
"535" 0.932907845579078 0.532808398950131 0.389487303144126
"536" 0.932700290577003 0.531933508311461 0.389612145409744
"537" 0.932492735574927 0.531058617672791 0.389625574060815
"538" 0.932285180572852 0.530183727034121 0.389891894672844
"539" 0.932077625570776 0.529308836395451 0.389920355931889
"540" 0.931870070568701 0.52843394575678 0.389842308131895
"541" 0.931662515566625 0.52755905511811 0.390170712646902
"542" 0.93145496056455 0.52668416447944 0.390402094403734
"543" 0.931247405562474 0.52580927384077 0.39063324638299
"544" 0.931039850560399 0.5249343832021 0.390751965009214
"545" 0.930832295558323 0.52405949256343 0.390877496563938
"546" 0.930624740556247 0.523184601924759 0.391132263555044
"547" 0.930417185554172 0.522309711286089 0.391267788109203
"548" 0.930209630552096 0.521434820647419 0.391391534735898
"549" 0.930002075550021 0.520559930008749 0.391585696075772
"550" 0.929794520547945 0.519685039370079 0.391788654530792
"551" 0.92958696554587 0.518810148731409 0.391944229663182
"552" 0.929379410543794 0.517935258092738 0.392055598529321
"553" 0.929171855541719 0.517060367454068 0.392114793829791
"554" 0.928964300539643 0.516185476815398 0.392091885907169
"555" 0.928756745537567 0.515310586176728 0.392277388486112
"556" 0.928549190535492 0.514435695538058 0.392477185005703
"557" 0.928341635533416 0.513560804899388 0.392491918455738
"558" 0.928134080531341 0.512685914260717 0.392419550569423
"559" 0.927926525529265 0.511811023622047 0.392472705608737
"560" 0.92771897052719 0.510936132983377 0.392457810020939
"561" 0.927511415525114 0.510061242344707 0.392628663157232
"562" 0.927303860523039 0.509186351706037 0.392774900207202
"563" 0.927096305520963 0.508311461067367 0.392934829773621
"564" 0.926888750518888 0.507436570428696 0.392909235566767
"565" 0.926681195516812 0.506561679790026 0.393008739542215
"566" 0.926473640514736 0.505686789151356 0.393134823139956
"567" 0.926266085512661 0.504811898512686 0.393141853407294
"568" 0.926058530510585 0.503937007874016 0.393041771696916
"569" 0.92585097550851 0.503062117235346 0.393154680368874
"570" 0.925643420506434 0.502187226596675 0.393206915471444
"571" 0.925435865504359 0.501312335958005 0.393216323190356
"572" 0.925228310502283 0.500437445319335 0.393417780771156
"573" 0.925020755500208 0.499562554680665 0.39354088589213
"574" 0.924813200498132 0.498687664041995 0.393613180912766
"575" 0.924605645496057 0.497812773403325 0.393854728048212
"576" 0.924398090493981 0.496937882764654 0.394114152419334
"577" 0.924190535491905 0.496062992125984 0.394282358639405
"578" 0.92398298048983 0.495188101487314 0.394350292331288
"579" 0.923775425487754 0.494313210848644 0.394360536800415
"580" 0.923567870485679 0.493438320209974 0.394339080596119
"581" 0.923360315483603 0.492563429571304 0.394280008331333
"582" 0.923152760481528 0.491688538932633 0.394148476557044
"583" 0.922945205479452 0.490813648293963 0.394292156326143
"584" 0.922737650477377 0.489938757655293 0.394209256796792
"585" 0.922530095475301 0.489063867016623 0.394280990747789
"586" 0.922322540473225 0.488188976377953 0.394155275530697
"587" 0.92211498547115 0.487314085739283 0.394256245292812
"588" 0.921907430469074 0.486439195100612 0.394127077511458
"589" 0.921699875466999 0.485564304461942 0.394435086827578
"590" 0.921492320464923 0.484689413823272 0.394487482027605
"591" 0.921284765462848 0.483814523184602 0.394426897173124
"592" 0.921077210460772 0.482939632545932 0.394472076343545
"593" 0.920869655458697 0.482064741907262 0.394373878845052
"594" 0.920662100456621 0.481189851268591 0.394605640029151
"595" 0.920454545454545 0.480314960629921 0.39467797897073
"596" 0.92024699045247 0.479440069991251 0.394687757831549
"597" 0.919987546699875 0.478565179352581 0.395108927450485
"598" 0.919728102947281 0.477690288713911 0.395231850261935
"599" 0.919468659194687 0.476815398075241 0.395181791616318
"600" 0.919209215442092 0.47594050743657 0.395520710381274
"601" 0.918949771689498 0.4750656167979 0.39588691046327
"602" 0.918690327936903 0.47419072615923 0.395801006357909
"603" 0.918430884184309 0.47331583552056 0.39605381952422
"604" 0.918171440431714 0.47244094488189 0.396180035063351
"605" 0.91791199667912 0.47156605424322 0.396471045505814
"606" 0.917652552926525 0.470691163604549 0.396782561385321
"607" 0.917393109173931 0.469816272965879 0.396967824587403
"608" 0.917133665421337 0.468941382327209 0.397162549090265
"609" 0.916874221668742 0.468066491688539 0.397120880092161
"610" 0.916614777916148 0.467191601049869 0.397054752217893
"611" 0.916355334163553 0.466316710411199 0.397402864271612
"612" 0.916095890410959 0.465441819772528 0.397692461498676
"613" 0.915836446658365 0.464566929133858 0.397842765873042
"614" 0.91557700290577 0.463692038495188 0.398044459842392
"615" 0.915317559153176 0.462817147856518 0.39810095051354
"616" 0.915058115400581 0.461942257217848 0.398398100749581
"617" 0.914798671647987 0.461067366579178 0.39864285214305
"618" 0.914539227895392 0.460192475940507 0.39883695889609
"619" 0.914279784142798 0.459317585301837 0.398873964888474
"620" 0.914020340390203 0.458442694663167 0.3990661194692
"621" 0.913760896637609 0.457567804024497 0.399187823250374
"622" 0.913501452885014 0.456692913385827 0.399116778608533
"623" 0.91324200913242 0.455818022747157 0.399025759696713
"624" 0.912982565379826 0.454943132108486 0.399376425081479
"625" 0.912723121627231 0.454068241469816 0.399587658740289
"626" 0.912463677874637 0.453193350831146 0.399769636674133
"627" 0.912204234122042 0.452318460192476 0.399877717994927
"628" 0.911944790369448 0.451443569553806 0.399946184103346
"629" 0.911685346616854 0.450568678915136 0.400162500622547
"630" 0.911425902864259 0.449693788276465 0.4002429693668
"631" 0.911166459111665 0.448818897637795 0.400308528224337
"632" 0.91090701535907 0.447944006999125 0.400499744741197
"633" 0.910647571606476 0.447069116360455 0.40054016586667
"634" 0.910388127853881 0.446194225721785 0.400693891566066
"635" 0.910128684101287 0.445319335083115 0.400732471846064
"636" 0.909869240348692 0.444444444444444 0.400666241813524
"637" 0.909609796596098 0.443569553805774 0.400829483572169
"638" 0.909350352843504 0.442694663167104 0.400763286905775
"639" 0.909090909090909 0.441819772528434 0.400746051375131
"640" 0.908831465338315 0.440944881889764 0.401050914047299
"641" 0.90857202158572 0.440069991251094 0.401245642165739
"642" 0.908312577833126 0.439195100612423 0.401190176719784
"643" 0.908053134080531 0.438320209973753 0.401237791602283
"644" 0.907793690327937 0.437445319335083 0.401316679365922
"645" 0.907534246575342 0.436570428696413 0.401337053930889
"646" 0.907274802822748 0.435695538057743 0.401286752510154
"647" 0.907015359070154 0.434820647419073 0.401186477549103
"648" 0.906755915317559 0.433945756780402 0.401372784172617
"649" 0.906496471564965 0.433070866141732 0.401497023752287
"650" 0.90623702781237 0.432195975503062 0.401594222773499
"651" 0.905977584059776 0.431321084864392 0.401470738770286
"652" 0.905718140307181 0.430446194225722 0.401459667392824
"653" 0.905458696554587 0.429571303587052 0.4015229319699
"654" 0.905199252801993 0.428696412948381 0.401640201131294
"655" 0.904939809049398 0.427821522309711 0.401611771061668
"656" 0.904680365296804 0.426946631671041 0.401412015647815
"657" 0.904420921544209 0.426071741032371 0.401259640234499
"658" 0.904161477791615 0.425196850393701 0.401379407244713
"659" 0.90390203403902 0.424321959755031 0.401583094364691
"660" 0.903642590286426 0.42344706911636 0.401661272116192
"661" 0.903383146533831 0.42257217847769 0.401985497193136
"662" 0.903123702781237 0.42169728783902 0.402072734417058
"663" 0.902864259028643 0.42082239720035 0.402036773322192
"664" 0.902604815276048 0.41994750656168 0.40197009702802
"665" 0.902345371523454 0.41907261592301 0.401863308281958
"666" 0.902085927770859 0.418197725284339 0.402013810912331
"667" 0.901826484018265 0.417322834645669 0.402256958903032
"668" 0.90156704026567 0.416447944006999 0.40215208089581
"669" 0.901307596513076 0.415573053368329 0.402391659238928
"670" 0.901048152760482 0.414698162729659 0.402413160659492
"671" 0.900736820257368 0.413823272090989 0.403013421005753
"672" 0.900425487754255 0.412948381452318 0.403028265764533
"673" 0.900114155251142 0.412073490813648 0.403026541661166
"674" 0.899802822748028 0.411198600174978 0.403037097448605
"675" 0.899491490244915 0.410323709536308 0.403267869182153
"676" 0.899180157741802 0.409448818897638 0.403379279132316
"677" 0.898868825238688 0.408573928258968 0.403417944262074
"678" 0.898557492735575 0.407699037620297 0.403778458716222
"679" 0.898246160232462 0.406824146981627 0.403787538442466
"680" 0.897934827729348 0.405949256342957 0.403805292337719
"681" 0.897623495226235 0.405074365704287 0.404073709759118
"682" 0.897312162723122 0.404199475065617 0.404284580234245
"683" 0.897000830220008 0.403324584426947 0.404545385792562
"684" 0.896689497716895 0.402449693788276 0.404463276193863
"685" 0.896378165213782 0.401574803149606 0.40450172149098
"686" 0.896066832710668 0.400699912510936 0.404710347848165
"687" 0.895755500207555 0.399825021872266 0.404649522750381
"688" 0.895444167704442 0.398950131233596 0.405033735817408
"689" 0.895132835201328 0.398075240594926 0.405492900410569
"690" 0.894821502698215 0.397200349956255 0.405536805380106
"691" 0.894510170195102 0.396325459317585 0.405477752339746
"692" 0.894198837691988 0.395450568678915 0.405347339959852
"693" 0.893887505188875 0.394575678040245 0.405839785540175
"694" 0.893576172685762 0.393700787401575 0.406076662987556
"695" 0.893264840182648 0.392825896762905 0.406184226177823
"696" 0.892953507679535 0.391951006124234 0.40614638591528
"697" 0.892642175176422 0.391076115485564 0.40600538597664
"698" 0.892330842673308 0.390201224846894 0.405949566126466
"699" 0.892019510170195 0.389326334208224 0.406330530505539
"700" 0.891708177667082 0.388451443569554 0.406742143109441
"701" 0.891396845163968 0.387576552930884 0.406607440259687
"702" 0.891085512660855 0.386701662292213 0.406756200383362
"703" 0.890774180157742 0.385826771653543 0.406627641869623
"704" 0.890462847654628 0.384951881014873 0.406483492072833
"705" 0.890151515151515 0.384076990376203 0.406400631889147
"706" 0.889840182648402 0.383202099737533 0.406788878772608
"707" 0.889528850145288 0.382327209098863 0.406886717079807
"708" 0.889217517642175 0.381452318460192 0.40728588077587
"709" 0.888906185139062 0.380577427821522 0.407137631795942
"710" 0.888594852635949 0.379702537182852 0.407490374564615
"711" 0.888283520132835 0.378827646544182 0.407588163658638
"712" 0.887972187629722 0.377952755905512 0.407662404645912
"713" 0.887660855126609 0.377077865266842 0.407504619873894
"714" 0.887349522623495 0.376202974628171 0.407287038169932
"715" 0.887038190120382 0.375328083989501 0.4076749219409
"716" 0.886726857617269 0.374453193350831 0.408064912767759
"717" 0.886415525114155 0.373578302712161 0.408230104241354
"718" 0.886104192611042 0.372703412073491 0.408156270615017
"719" 0.885792860107929 0.371828521434821 0.408521504962402
"720" 0.885481527604815 0.37095363079615 0.408771001505902
"721" 0.885170195101702 0.37007874015748 0.408536558399172
"722" 0.884858862598589 0.36920384951881 0.40851442833885
"723" 0.884547530095475 0.36832895888014 0.408666142209664
"724" 0.884184308841843 0.36745406824147 0.408569585520856
"725" 0.883821087588211 0.3665791776028 0.409124471723671
"726" 0.883457866334579 0.365704286964129 0.409627317067645
"727" 0.883094645080946 0.364829396325459 0.409698998484451
"728" 0.882731423827314 0.363954505686789 0.410148282845692
"729" 0.882368202573682 0.363079615048119 0.410545715583514
"730" 0.88200498132005 0.362204724409449 0.411164693225505
"731" 0.881641760066418 0.361329833770779 0.411672643629343
"732" 0.881278538812785 0.360454943132108 0.412270928534136
"733" 0.880915317559153 0.359580052493438 0.412758518579913
"734" 0.880552096305521 0.358705161854768 0.412621762952673
"735" 0.880188875051889 0.357830271216098 0.412694487217363
"736" 0.879825653798257 0.356955380577428 0.413073589452539
"737" 0.879462432544624 0.356080489938758 0.413296348348578
"738" 0.879099211290992 0.355205599300087 0.413113990646039
"739" 0.87873599003736 0.354330708661417 0.413498835420105
"740" 0.878372768783728 0.353455818022747 0.413496396307293
"741" 0.878009547530096 0.352580927384077 0.413736448640249
"742" 0.877646326276463 0.351706036745407 0.413548636521454
"743" 0.877283105022831 0.350831146106737 0.414034255541919
"744" 0.876919883769199 0.349956255468066 0.41407992693398
"745" 0.876556662515567 0.349081364829396 0.414149973923609
"746" 0.876193441261934 0.348206474190726 0.414063490297075
"747" 0.875830220008302 0.347331583552056 0.414013275523209
"748" 0.87546699875467 0.346456692913386 0.414118636977423
"749" 0.875103777501038 0.345581802274716 0.414137446709915
"750" 0.874740556247406 0.344706911636045 0.414016086505167
"751" 0.874377334993773 0.343832020997375 0.414012843094662
"752" 0.874014113740141 0.342957130358705 0.413977558362713
"753" 0.873650892486509 0.342082239720035 0.413855068153197
"754" 0.873287671232877 0.341207349081365 0.414029231007168
"755" 0.872872561228726 0.340332458442695 0.414015811245379
"756" 0.872457451224575 0.339457567804024 0.414712454867866
"757" 0.872042341220423 0.338582677165354 0.415217933081542
"758" 0.871627231216272 0.337707786526684 0.415631658819957
"759" 0.871212121212121 0.336832895888014 0.416050923255779
"760" 0.87079701120797 0.335958005249344 0.415904592274101
"761" 0.870381901203819 0.335083114610674 0.416282375615978
"762" 0.869966791199668 0.334208223972004 0.416144866590711
"763" 0.869551681195517 0.333333333333333 0.416297649753883
"764" 0.869136571191366 0.332458442694663 0.416910416422684
"765" 0.868721461187215 0.331583552055993 0.416974920912683
"766" 0.868306351183064 0.330708661417323 0.416835613098479
"767" 0.867891241178912 0.329833770778653 0.417062214599013
"768" 0.867476131174761 0.328958880139982 0.417120460089983
"769" 0.86706102117061 0.328083989501312 0.417102199974383
"770" 0.866645911166459 0.327209098862642 0.41737236923386
"771" 0.866230801162308 0.326334208223972 0.417387201819532
"772" 0.865815691158157 0.325459317585302 0.418025845821727
"773" 0.865400581154006 0.324584426946632 0.418256744870023
"774" 0.864985471149855 0.323709536307962 0.4180527087674
"775" 0.864570361145704 0.322834645669291 0.417724965012214
"776" 0.864155251141553 0.321959755030621 0.417891230553917
"777" 0.863740141137401 0.321084864391951 0.417865015160856
"778" 0.86332503113325 0.320209973753281 0.41780831730023
"779" 0.862909921129099 0.319335083114611 0.418205639142365
"780" 0.862494811124948 0.31846019247594 0.418367648666769
"781" 0.862079701120797 0.31758530183727 0.418815731282911
"782" 0.861664591116646 0.3167104111986 0.418716817879371
"783" 0.861249481112495 0.31583552055993 0.418926302786731
"784" 0.860834371108344 0.31496062992126 0.419040590655219
"785" 0.860419261104193 0.31408573928259 0.419338510399561
"786" 0.860004151100041 0.31321084864392 0.419213954609194
"787" 0.85958904109589 0.312335958005249 0.419265476382236
"788" 0.859173931091739 0.311461067366579 0.41930238639416
"789" 0.858758821087588 0.310586176727909 0.418928023459498
"790" 0.858343711083437 0.309711286089239 0.418512854278597
"791" 0.857876712328767 0.308836395450569 0.418885570376401
"792" 0.857409713574097 0.307961504811898 0.418793196827
"793" 0.856942714819427 0.307086614173228 0.418643767139682
"794" 0.856475716064757 0.306211723534558 0.419194896423841
"795" 0.856008717310087 0.305336832895888 0.419682237564077
"796" 0.855541718555417 0.304461942257218 0.4195458333947
"797" 0.855074719800747 0.303587051618548 0.420236176420618
"798" 0.854607721046077 0.302712160979878 0.420428835184084
"799" 0.854140722291407 0.301837270341207 0.42075973472591
"800" 0.853673723536737 0.300962379702537 0.421355994526116
"801" 0.853206724782067 0.300087489063867 0.421569994380731
"802" 0.852739726027397 0.299212598425197 0.421662709288157
"803" 0.852272727272727 0.298337707786527 0.422053508299622
"804" 0.851805728518057 0.297462817147856 0.422706379154794
"805" 0.851338729763387 0.296587926509186 0.422917408584359
"806" 0.850871731008717 0.295713035870516 0.4234622150062
"807" 0.850404732254047 0.294838145231846 0.42323628921829
"808" 0.849937733499377 0.293963254593176 0.423778255051709
"809" 0.849470734744707 0.293088363954506 0.423508428987908
"810" 0.849003735990037 0.292213473315836 0.424078279511263
"811" 0.848536737235367 0.291338582677165 0.424294462968099
"812" 0.848017849730178 0.290463692038495 0.425096827078278
"813" 0.84749896222499 0.289588801399825 0.424908196778646
"814" 0.846980074719801 0.288713910761155 0.425043517622896
"815" 0.846461187214612 0.287839020122485 0.425071191057699
"816" 0.845942299709423 0.286964129483815 0.425831882610458
"817" 0.845423412204234 0.286089238845144 0.426288145382185
"818" 0.844904524699045 0.285214348206474 0.426120020738707
"819" 0.844385637193856 0.284339457567804 0.426094077962898
"820" 0.843866749688667 0.283464566929134 0.426598909277575
"821" 0.843347862183479 0.282589676290464 0.426739311248541
"822" 0.84282897467829 0.281714785651794 0.426986652089317
"823" 0.842310087173101 0.280839895013123 0.426822301735556
"824" 0.841791199667912 0.279965004374453 0.426619977652963
"825" 0.841272312162723 0.279090113735783 0.426503965340409
"826" 0.840753424657534 0.278215223097113 0.427112485482476
"827" 0.840234537152345 0.277340332458443 0.427774503469728
"828" 0.839715649647157 0.276465441819773 0.42771432077511
"829" 0.839196762141968 0.275590551181102 0.428187687441552
"830" 0.83862598588626 0.274715660542432 0.428292672570928
"831" 0.838055209630552 0.273840769903762 0.428329589575869
"832" 0.837484433374844 0.272965879265092 0.428156023209332
"833" 0.836913657119137 0.272090988626422 0.428930363084242
"834" 0.836342880863429 0.271216097987752 0.429419574008464
"835" 0.835772104607721 0.270341207349081 0.430234899265196
"836" 0.835201328352013 0.269466316710411 0.430757005790605
"837" 0.834630552096306 0.268591426071741 0.430527303071597
"838" 0.834059775840598 0.267716535433071 0.430156808057447
"839" 0.83348899958489 0.266841644794401 0.429751249263259
"840" 0.832918223329182 0.265966754155731 0.429398131189637
"841" 0.832347447073475 0.26509186351706 0.42918928252093
"842" 0.831776670817767 0.26421697287839 0.428845490320709
"843" 0.831205894562059 0.26334208223972 0.428407435740195
"844" 0.830635118306351 0.26246719160105 0.429099605105874
"845" 0.830064342050643 0.26159230096238 0.429220572814248
"846" 0.829493565794936 0.26071741032371 0.429494598255886
"847" 0.828870900788709 0.259842519685039 0.430483493059061
"848" 0.828248235782482 0.258967629046369 0.430471766932988
"849" 0.827625570776256 0.258092738407699 0.430671240864938
"850" 0.827002905770029 0.257217847769029 0.431101728240302
"851" 0.826380240763802 0.256342957130359 0.430765131660709
"852" 0.825757575757576 0.255468066491689 0.431138138291199
"853" 0.825134910751349 0.254593175853018 0.432112346611543
"854" 0.824512245745122 0.253718285214348 0.432643420299406
"855" 0.823889580738896 0.252843394575678 0.43334416604297
"856" 0.823266915732669 0.251968503937008 0.434351831369304
"857" 0.822644250726443 0.251093613298338 0.434014085309025
"858" 0.822021585720216 0.250218722659668 0.434171382685914
"859" 0.821398920713989 0.249343832020997 0.434967078982118
"860" 0.820776255707763 0.248468941382327 0.435928080053417
"861" 0.820153590701536 0.247594050743657 0.436718298113887
"862" 0.819530925695309 0.246719160104987 0.436720437244975
"863" 0.818908260689083 0.245844269466317 0.437601616194815
"864" 0.818285595682856 0.244969378827647 0.437549413772992
"865" 0.817662930676629 0.244094488188976 0.438457804529761
"866" 0.817040265670403 0.243219597550306 0.438191282617868
"867" 0.816417600664176 0.242344706911636 0.438981537530691
"868" 0.815794935657949 0.241469816272966 0.439684583464549
"869" 0.815172270651723 0.240594925634296 0.439133888106621
"870" 0.814497716894977 0.239720034995626 0.438829011938946
"871" 0.813823163138232 0.238845144356955 0.439033077172042
"872" 0.813148609381486 0.237970253718285 0.438589060237572
"873" 0.812474055624741 0.237095363079615 0.438327980399932
"874" 0.811799501867995 0.236220472440945 0.438544137506805
"875" 0.811124948111249 0.235345581802275 0.438247443150358
"876" 0.810450394354504 0.234470691163605 0.437735630291428
"877" 0.809775840597758 0.233595800524934 0.438264882921511
"878" 0.809101286841013 0.232720909886264 0.4378805089908
"879" 0.808426733084267 0.231846019247594 0.438326983569419
"880" 0.807700290577003 0.230971128608924 0.439237747287682
"881" 0.806973848069738 0.230096237970254 0.440302850603157
"882" 0.806247405562474 0.229221347331584 0.441330118390194
"883" 0.80552096305521 0.228346456692913 0.441623346587265
"884" 0.804794520547945 0.227471566054243 0.442369931174557
"885" 0.804068078040681 0.226596675415573 0.442346367009468
"886" 0.803341635533416 0.225721784776903 0.441701724266257
"887" 0.802615193026152 0.224846894138233 0.442452395823775
"888" 0.801836861768369 0.223972003499563 0.442119746807261
"889" 0.801058530510585 0.223097112860892 0.442903675231524
"890" 0.800280199252802 0.222222222222222 0.443547099023675
"891" 0.799501867995019 0.221347331583552 0.44300005240312
"892" 0.798723536737235 0.220472440944882 0.443369535820641
"893" 0.797945205479452 0.219597550306212 0.443611417596214
"894" 0.797166874221669 0.218722659667542 0.444707481363231
"895" 0.796388542963885 0.217847769028871 0.445784032049414
"896" 0.795610211706102 0.216972878390201 0.446730342229059
"897" 0.794831880448319 0.216097987751531 0.447157823819667
"898" 0.794001660440017 0.215223097112861 0.446686529552219
"899" 0.793171440431714 0.214348206474191 0.446711834227979
"900" 0.792341220423412 0.213473315835521 0.447127085504847
"901" 0.79151100041511 0.21259842519685 0.447491214301255
"902" 0.790680780406808 0.21172353455818 0.448917604815173
"903" 0.789850560398506 0.21084864391951 0.449708102134336
"904" 0.789020340390203 0.20997375328084 0.450197261247914
"905" 0.788190120381901 0.20909886264217 0.451064006101368
"906" 0.787359900373599 0.2082239720035 0.450129144448061
"907" 0.786477791614778 0.207349081364829 0.451207875791455
"908" 0.785595682855957 0.206474190726159 0.451409380900714
"909" 0.784713574097136 0.205599300087489 0.452740875661085
"910" 0.783831465338315 0.204724409448819 0.452885988556523
"911" 0.782949356579494 0.203849518810149 0.452239253419393
"912" 0.782067247820672 0.202974628171479 0.452721632930904
"913" 0.781185139061851 0.202099737532808 0.452876966997878
"914" 0.78030303030303 0.201224846894138 0.45227510035548
"915" 0.779420921544209 0.200349956255468 0.452474250410004
"916" 0.778486924034869 0.199475065616798 0.45229863414525
"917" 0.777552926525529 0.198600174978128 0.451914804783043
"918" 0.776618929016189 0.197725284339458 0.451556293624269
"919" 0.775684931506849 0.196850393700787 0.450896074676001
"920" 0.774750933997509 0.195975503062117 0.452087272617139
"921" 0.773816936488169 0.195100612423447 0.453598897679243
"922" 0.772882938978829 0.194225721784777 0.454255874694593
"923" 0.771948941469489 0.193350831146107 0.453484967444509
"924" 0.771014943960149 0.192475940507437 0.454586510366975
"925" 0.770080946450809 0.191601049868766 0.454987744704604
"926" 0.769095060190951 0.190726159230096 0.456480654896708
"927" 0.768109173931092 0.189851268591426 0.456413061476124
"928" 0.767123287671233 0.188976377952756 0.457786301097347
"929" 0.766137401411374 0.188101487314086 0.457317031671031
"930" 0.765151515151515 0.187226596675416 0.45696224503329
"931" 0.764165628891656 0.186351706036745 0.457761792590833
"932" 0.763127853881279 0.185476815398075 0.45838423072869
"933" 0.762090078870901 0.184601924759405 0.459728929932937
"934" 0.761052303860523 0.183727034120735 0.459116595988011
"935" 0.760014528850145 0.182852143482065 0.460272782836193
"936" 0.758976753839768 0.181977252843395 0.461173680629791
"937" 0.75793897882939 0.181102362204724 0.462187774929314
"938" 0.756901203819012 0.180227471566054 0.462856710754101
"939" 0.755811540058115 0.179352580927384 0.464050962548986
"940" 0.754721876297219 0.178477690288714 0.463218279017599
"941" 0.753632212536322 0.177602799650044 0.464606930037826
"942" 0.752542548775425 0.176727909011374 0.46355139377255
"943" 0.751452885014529 0.175853018372703 0.464069680212109
"944" 0.750363221253632 0.174978127734033 0.465172793976852
"945" 0.749273557492736 0.174103237095363 0.466073034532806
"946" 0.748183893731839 0.173228346456693 0.46684609747142
"947" 0.747042341220423 0.172353455818023 0.466833224716245
"948" 0.745900788709008 0.171478565179353 0.468493933282763
"949" 0.744759236197592 0.170603674540682 0.469150964776752
"950" 0.743617683686177 0.169728783902012 0.46918399260871
"951" 0.742476131174761 0.168853893263342 0.469921512068894
"952" 0.741334578663346 0.167979002624672 0.470201275759843
"953" 0.74019302615193 0.167104111986002 0.470300173685612
"954" 0.739051473640515 0.166229221347332 0.471641158104778
"955" 0.737909921129099 0.165354330708661 0.471341553139062
"956" 0.736716479867165 0.164479440069991 0.472861092282041
"957" 0.73552303860523 0.163604549431321 0.472711197139805
"958" 0.734329597343296 0.162729658792651 0.472282149797383
"959" 0.733136156081362 0.161854768153981 0.47386960792179
"960" 0.731942714819427 0.160979877515311 0.475040092297735
"961" 0.730749273557493 0.16010498687664 0.475887975152112
"962" 0.729503943545039 0.15923009623797 0.476726734737563
"963" 0.728258613532586 0.1583552055993 0.476957851338344
"964" 0.727013283520133 0.15748031496063 0.475789989024542
"965" 0.725716064757161 0.15660542432196 0.477121967611343
"966" 0.724418845994188 0.15573053368329 0.478939714465901
"967" 0.723121627231216 0.154855643044619 0.478227220783171
"968" 0.721824408468244 0.153980752405949 0.478892387749502
"969" 0.720475300954753 0.153105861767279 0.479214778430297
"970" 0.719126193441262 0.152230971128609 0.481153545439108
"971" 0.717777085927771 0.151356080489939 0.479882242908586
"972" 0.716376089663761 0.150481189851269 0.48121917917496
"973" 0.714975093399751 0.149606299212598 0.482251909692106
"974" 0.713574097135741 0.148731408573928 0.482840445711265
"975" 0.712173100871731 0.147856517935258 0.483804342897143
"976" 0.710772104607721 0.146981627296588 0.484406783238979
"977" 0.709319219593192 0.146106736657918 0.486007670024058
"978" 0.707866334578663 0.145231846019248 0.485104771786303
"979" 0.706413449564135 0.144356955380577 0.486996031397521
"980" 0.704960564549606 0.143482064741907 0.489830371941746
"981" 0.703507679535077 0.142607174103237 0.491531572563573
"982" 0.702054794520548 0.141732283464567 0.492885287879746
"983" 0.700601909506019 0.140857392825897 0.492436762244821
"984" 0.69914902449149 0.139982502187227 0.491091407507557
"985" 0.697644250726443 0.139107611548556 0.49254265487712
"986" 0.696087588210876 0.138232720909886 0.49345957638818
"987" 0.694530925695309 0.137357830271216 0.495397644638187
"988" 0.692974263179743 0.136482939632546 0.497664139704134
"989" 0.691417600664176 0.135608048993876 0.495554750579754
"990" 0.689757160647572 0.134733158355206 0.497738009200053
"991" 0.688044831880448 0.133858267716535 0.499480581344195
"992" 0.686332503113325 0.132983377077865 0.499598205109869
"993" 0.684568285595683 0.132108486439195 0.502483993688857
"994" 0.682804068078041 0.131233595800525 0.503868774553226
"995" 0.681039850560399 0.130358705161855 0.507080053196733
"996" 0.679223744292237 0.129483814523185 0.509192920415636
"997" 0.677407638024076 0.128608923884514 0.511057766460336
"998" 0.675591531755915 0.127734033245844 0.511692480431494
"999" 0.673723536737235 0.126859142607174 0.51047459841592
"1000" 0.671855541718555 0.125984251968504 0.511713934012835
"1001" 0.669935657949357 0.125109361329834 0.512876105760378
"1002" 0.668015774180158 0.124234470691164 0.512206441425354
"1003" 0.666095890410959 0.123359580052493 0.512185015547701
"1004" 0.66417600664176 0.122484689413823 0.513106301161273
"1005" 0.662152345371523 0.121609798775153 0.513832160766754
"1006" 0.660076795350768 0.120734908136483 0.516272282537452
"1007" 0.657949356579494 0.119860017497813 0.517805830691924
"1008" 0.655821917808219 0.118985126859143 0.515869205598147
"1009" 0.653694479036945 0.118110236220472 0.518506982746191
"1010" 0.651515151515151 0.117235345581802 0.522960057945649
"1011" 0.649335823993358 0.116360454943132 0.526224870205578
"1012" 0.647156496471565 0.115485564304462 0.528664585054848
"1013" 0.644977168949772 0.114610673665792 0.528338241196063
"1014" 0.642797841427978 0.113735783027122 0.526361975317044
"1015" 0.640618513906185 0.112860892388451 0.526815636826434
"1016" 0.638387297633873 0.111986001749781 0.526338322640363
"1017" 0.636156081361561 0.111111111111111 0.526744174210438
"1018" 0.633924865089249 0.110236220472441 0.525466736958274
"1019" 0.631641760066418 0.109361329833771 0.526795131973823
"1020" 0.629358655043587 0.108486439195101 0.525354654464854
"1021" 0.627075550020756 0.10761154855643 0.527150514483468
"1022" 0.624792444997924 0.10673665791776 0.529081983793935
"1023" 0.622509339975093 0.10586176727909 0.53067508876573
"1024" 0.620226234952262 0.10498687664042 0.533217747423307
"1025" 0.617891241178912 0.10411198600175 0.535816196390362
"1026" 0.615504358655044 0.10323709536308 0.54086641569326
"1027" 0.613117476131175 0.102362204724409 0.541004409133728
"1028" 0.610678704856787 0.101487314085739 0.54333857940564
"1029" 0.608239933582399 0.100612423447069 0.546002460488553
"1030" 0.605749273557493 0.0997375328083989 0.549718507107806
"1031" 0.603258613532586 0.0988626421697288 0.549097609003997
"1032" 0.60076795350768 0.0979877515310586 0.547404692590187
"1033" 0.598225404732254 0.0971128608923885 0.549903733733025
"1034" 0.595682855956829 0.0962379702537183 0.550035929722302
"1035" 0.593088418430884 0.0953630796150481 0.553959519949706
"1036" 0.59049398090494 0.094488188976378 0.55926563482049
"1037" 0.587899543378995 0.0936132983377078 0.564124868478648
"1038" 0.585305105853051 0.0927384076990376 0.564525606638705
"1039" 0.582658779576588 0.0918635170603675 0.567685970577709
"1040" 0.580012453300125 0.0909886264216973 0.570863096192383
"1041" 0.577366127023661 0.0901137357830271 0.570038146450437
"1042" 0.574719800747198 0.089238845144357 0.569478024491772
"1043" 0.572021585720216 0.0883639545056868 0.571148902018143
"1044" 0.569271481942715 0.0874890638670166 0.573872107466285
"1045" 0.566521378165214 0.0866141732283465 0.573290263500479
"1046" 0.563719385637194 0.0857392825896763 0.571605124854692
"1047" 0.560865504358655 0.0848643919510061 0.576478210750009
"1048" 0.558011623080116 0.083989501312336 0.575058871422172
"1049" 0.555105853051059 0.0831146106736658 0.576959832277809
"1050" 0.552148194271482 0.0822397200349956 0.585226505226265
"1051" 0.549190535491905 0.0813648293963255 0.585038616706724
"1052" 0.54618098796181 0.0804899387576553 0.588378586388207
"1053" 0.543067662930677 0.0796150481189851 0.587772793613499
"1054" 0.539902449149025 0.078740157480315 0.587811869791535
"1055" 0.536685346616854 0.0778652668416448 0.592312134389038
"1056" 0.533468244084682 0.0769903762029746 0.598553246998075
"1057" 0.530251141552511 0.0761154855643045 0.602070682581146
"1058" 0.526982150269822 0.0752405949256343 0.603657934532802
"1059" 0.523713158987132 0.0743657042869641 0.606162258805701
"1060" 0.520444167704442 0.073490813648294 0.608970689652554
"1061" 0.517071398920714 0.0726159230096238 0.613931522128841
"1062" 0.513698630136986 0.0717410323709536 0.616849910525311
"1063" 0.51027397260274 0.0708661417322835 0.618768172061824
"1064" 0.506849315068493 0.0699912510936133 0.617364809062014
"1065" 0.503320880033209 0.0691163604549431 0.626756823122789
"1066" 0.499740556247406 0.068241469816273 0.628362120265912
"1067" 0.496160232461602 0.0673665791776028 0.623758205815529
"1068" 0.49252801992528 0.0664916885389326 0.633266559526722
"1069" 0.488895807388958 0.0656167979002625 0.636515097576423
"1070" 0.485263594852636 0.0647419072615923 0.633724428414617
"1071" 0.481631382316314 0.0638670166229221 0.634922571754083
"1072" 0.477947281029473 0.062992125984252 0.641548317065266
"1073" 0.474263179742632 0.0621172353455818 0.646048869678495
"1074" 0.470527189705272 0.0612423447069116 0.652927069512822
"1075" 0.466739310917393 0.0603674540682415 0.656400017321429
"1076" 0.462951432129514 0.0594925634295713 0.657850890503682
"1077" 0.459111664591117 0.0586176727909011 0.661688503765453
"1078" 0.4552200083022 0.057742782152231 0.670099261573542
"1079" 0.451328352013284 0.0568678915135608 0.67467074606428
"1080" 0.447436695724367 0.0559930008748906 0.677801835915335
"1081" 0.44354503943545 0.0551181102362205 0.685060256111597
"1082" 0.439601494396015 0.0542432195975503 0.685446023405366
"1083" 0.435657949356579 0.0533683289588801 0.686657768000241
"1084" 0.431714404317144 0.05249343832021 0.683762773191115
"1085" 0.42771897052719 0.0516185476815398 0.690081832298283
"1086" 0.423723536737235 0.0507436570428696 0.700141296956433
"1087" 0.419728102947281 0.0498687664041995 0.70274092482447
"1088" 0.415732669157327 0.0489938757655293 0.699552401941873
"1089" 0.411737235367372 0.0481189851268591 0.706697932604977
"1090" 0.407741801577418 0.047244094488189 0.711806232601886
"1091" 0.403694479036945 0.0463692038495188 0.717786593177708
"1092" 0.399595267745953 0.0454943132108486 0.720988210392028
"1093" 0.395496056454961 0.0446194225721785 0.720157797026445
"1094" 0.391241178912412 0.0437445319335083 0.717378877508063
"1095" 0.386934412619344 0.0428696412948381 0.725389104921771
"1096" 0.382627646326276 0.041994750656168 0.738008644470858
"1097" 0.378320880033209 0.0411198600174978 0.748234834233241
"1098" 0.373858447488584 0.0402449693788276 0.751678480723483
"1099" 0.369344126193441 0.0393700787401575 0.749030905270163
"1100" 0.364777916147779 0.0384951881014873 0.752801905376024
"1101" 0.360159817351598 0.0376202974628171 0.756505403169602
"1102" 0.355541718555417 0.036745406824147 0.7525726622274
"1103" 0.350871731008717 0.0358705161854768 0.75247337995229
"1104" 0.346149854711499 0.0349956255468067 0.753576619991402
"1105" 0.341376089663761 0.0341207349081365 0.75704172706913
"1106" 0.336550435865504 0.0332458442694663 0.773114316086056
"1107" 0.33162100456621 0.0323709536307962 0.775750460530314
"1108" 0.326587795765878 0.031496062992126 0.782394208841906
"1109" 0.321450809464508 0.0306211723534558 0.792705808639721
"1110" 0.315846824408468 0.0297462817147857 0.801823447208624
"1111" 0.310190950601909 0.0288713910761155 0.803066046458339
"1112" 0.304379410543794 0.0279965004374453 0.811204392316989
"1113" 0.298464092984641 0.0271216097987752 0.808044865625759
"1114" 0.292237442922374 0.026246719160105 0.829269272504122
"1115" 0.285958904109589 0.0253718285214348 0.827580930559038
"1116" 0.279680365296804 0.0244969378827647 0.838033018589899
"1117" 0.272986716479867 0.0236220472440945 0.827607736770234
"1118" 0.266189290161893 0.0227471566054243 0.838421769885779
"1119" 0.259288086342881 0.0218722659667542 0.858520139466386
"1120" 0.252386882523869 0.020997375328084 0.884503659213634
"1121" 0.245226234952262 0.0201224846894138 0.90383213857022
"1122" 0.238013698630137 0.0192475940507437 0.921983938752277
"1123" 0.230749273557493 0.0183727034120735 0.927018444470305
"1124" 0.222810294728103 0.0174978127734033 0.933060961170359
"1125" 0.214508094645081 0.0166229221347332 0.951862112774569
"1126" 0.206102117061021 0.015748031496063 0.955005908317497
"1127" 0.197592361975924 0.0148731408573928 0.948490327282349
"1128" 0.188667496886675 0.0139982502187227 0.96084262578216
"1129" 0.179068078040681 0.0131233595800525 0.949631126399262
"1130" 0.169261104192611 0.0122484689413823 0.942204020969363
"1131" 0.159402241594022 0.0113735783027122 0.985021048091458
"1132" 0.149335823993358 0.010498687664042 0.982598739301812
"1133" 0.139217517642175 0.00962379702537183 0.986050244496106
"1134" 0.128891656288917 0.00874890638670166 0.978098716666589
"1135" 0.118358239933582 0.0078740157480315 0.969814939223358
"1136" 0.107461602324616 0.00699912510936133 0.958934611444871
"1137" 0.0960979659609797 0.00612423447069116 0.943583901123421
"1138" 0.08442299709423 0.005249343832021 1
"1139" 0.0726442507264425 0.00437445319335083 1
"1140" 0.0605541718555417 0.00349956255468067 1
"1141" 0.0476338729763387 0.0026246719160105 1
"1142" 0.0329493565794936 0.00174978127734033 1
"1143" 0.0177459526774595 0.000874890638670166 NA
