"V1" "V2" "V3" "V4"
"1" 1 1 12.2658022310104 14.860982132006
"2" 0.999896222498962 0.99912510936133 12.2590100838079 14.8541491551826
"3" 0.999792444997924 0.99825021872266 12.2522824336681 14.8507759629854
"4" 0.999688667496887 0.99737532808399 12.2456190171354 14.8453016750932
"5" 0.999584889995849 0.996500437445319 12.23901957036 14.8436307663377
"6" 0.999481112494811 0.995625546806649 12.232483829101 14.8427468966127
"7" 0.999377334993773 0.994750656167979 12.2260115287298 14.840674162482
"8" 0.999273557492736 0.993875765529309 12.219602404234 14.8405095400921
"9" 0.999169779991698 0.993000874890639 12.2132561902204 14.8411161572026
"10" 0.99906600249066 0.992125984251969 12.2069726209192 14.8423045634451
"11" 0.998962224989622 0.991251093613298 12.2007514301871 14.8435348049331
"12" 0.998858447488584 0.990376202974628 12.1945923515117 14.8449730942635
"13" 0.998754669987547 0.989501312335958 12.1884951180146 14.8464116824902
"14" 0.998650892486509 0.988626421697288 12.1824594624556 14.8478505697065
"15" 0.998547114985471 0.987751531058618 12.1764851172365 14.8492897560056
"16" 0.998443337484433 0.986876640419947 12.1705718144051 14.8507292414807
"17" 0.998339559983396 0.986001749781277 12.1639107375973 14.8504627496686
"18" 0.998235782482358 0.985126859142607 12.1573151067501 14.8510463902645
"19" 0.99813200498132 0.984251968503937 12.1507846467791 14.8510899183696
"20" 0.998028227480282 0.983377077865267 12.1443190821635 14.8517805230657
"21" 0.997924449979244 0.982502187226597 12.1379181369499 14.8530130293597
"22" 0.997820672478207 0.981627296587926 12.131581534756 14.8544538003456
"23" 0.997716894977169 0.980752405949256 12.1256454966775 14.8490261645394
"24" 0.997613117476131 0.979877515310586 12.1197738910988 14.8446852679285
"25" 0.997509339975093 0.979002624671916 12.1139664219616 14.8417819590514
"26" 0.997405562474056 0.978127734033246 12.1082227927381 14.8410928864947
"27" 0.997301784973018 0.977252843394576 12.1025427064362 14.8407031292602
"28" 0.99719800747198 0.976377952755906 12.0969258656042 14.8408126263589
"29" 0.997094229970942 0.975503062117235 12.0913719723358 14.8416286976148
"30" 0.996990452469904 0.974628171478565 12.0858807282752 14.8428196312504
"31" 0.996886674968867 0.973753280839895 12.0804518346221 14.84405248776
"32" 0.996782897467829 0.972878390201225 12.0750849921373 14.8454938258638
"33" 0.996679119966791 0.972003499562555 12.0697799011476 14.8469354641214
"34" 0.996575342465753 0.971128608923885 12.0645362615515 14.8483774026265
"35" 0.996471564964716 0.970253718285214 12.0593537728243 14.8498196414728
"36" 0.996367787463678 0.969378827646544 12.0547611484168 14.8500031929035
"37" 0.99626400996264 0.968503937007874 12.0502249102673 14.8447084237455
"38" 0.996160232461602 0.967629046369204 12.0457447667663 14.8439729337026
"39" 0.996056454960564 0.966754155730534 12.0413204260116 14.8412667837024
"40" 0.995952677459527 0.965879265091864 12.0369515958147 14.839395006603
"41" 0.995848899958489 0.965004374453193 12.032637983707 14.8391336576228
"42" 0.995745122457451 0.964129483814523 12.0283792969459 14.8385524795423
"43" 0.995641344956413 0.963254593175853 12.0241752425212 14.8393353001186
"44" 0.995537567455376 0.962379702537183 12.0200255271618 14.8396531594242
"45" 0.995433789954338 0.961504811898513 12.0159298573418 14.8406789781439
"46" 0.9953300124533 0.960629921259842 12.0118879392873 14.8416637567139
"47" 0.995226234952262 0.959755030621172 12.0078994789832 14.8428985495978
"48" 0.995122457451225 0.958880139982502 12.0039641821797 14.8443421723478
"49" 0.995018679950187 0.958005249343832 12.0000817543993 14.8457860962289
"50" 0.994914902449149 0.957130358705162 11.9948617874664 14.8418828034844
"51" 0.994811124948111 0.956255468066492 11.9897041187656 14.838009232822
"52" 0.994707347447073 0.955380577427822 11.9846084360375 14.8325057187802
"53" 0.994603569946036 0.954505686789151 11.979574426563 14.8273985643508
"54" 0.994499792444998 0.953630796150481 11.9746017771699 14.8276444676132
"55" 0.99439601494396 0.952755905511811 11.9696901742389 14.8262973982115
"56" 0.994292237442922 0.951881014873141 11.9648393037099 14.8249577932004
"57" 0.994188459941885 0.951006124234471 11.9600488510882 14.8239218333629
"58" 0.994084682440847 0.950131233595801 11.9553185014517 14.8236233723505
"59" 0.993980904939809 0.94925634295713 11.9506479394565 14.8231367407595
"60" 0.993877127438771 0.94838145231846 11.9460368493443 14.8223683581416
"61" 0.993773349937733 0.94750656167979 11.9414849149491 14.8225898566681
"62" 0.993669572436696 0.94663167104112 11.9369918197038 14.822864418974
"63" 0.993565794935658 0.94575678040245 11.9325572466475 14.8238904127508
"64" 0.99346201743462 0.94488188976378 11.9281808784324 14.825334462726
"65" 0.993358239933582 0.944006999125109 11.9231617982604 14.8238128726361
"66" 0.993254462432545 0.943132108486439 11.9182052743033 14.8217713402222
"67" 0.993150684931507 0.942257217847769 11.9133109812543 14.8201010433581
"68" 0.993046907430469 0.941382327209099 11.9084785933129 14.8198199889933
"69" 0.992943129929431 0.940507436570429 11.9037077841918 14.8208463079721
"70" 0.992839352428393 0.939632545931758 11.8989982271243 14.8222909454037
"71" 0.992735574927356 0.938757655293088 11.8943495948707 14.8237358848711
"72" 0.992631797426318 0.937882764654418 11.8885691395181 14.8198765638466
"73" 0.99252801992528 0.937007874015748 11.8828613569929 14.8176534090263
"74" 0.992424242424242 0.936132983377078 11.877225875424 14.8179364703112
"75" 0.992320464923205 0.935258092738408 11.8716623220392 14.8158891678461
"76" 0.992216687422167 0.934383202099738 11.8661703231716 14.8134881399991
"77" 0.992112909921129 0.933508311461067 11.8607495042669 14.813595088348
"78" 0.992009132420091 0.932633420822397 11.8553994898905 14.8137000255737
"79" 0.991905354919054 0.931758530183727 11.8501199037349 14.8131382524119
"80" 0.991801577418016 0.930883639545057 11.8449103686273 14.8145835949098
"81" 0.991697799916978 0.930008748906387 11.8397705065372 14.8160292399072
"82" 0.99159402241594 0.929133858267717 11.8369083774022 14.8153785226129
"83" 0.991490244914902 0.928258967629046 11.8340959546516 14.8131755025907
"84" 0.991386467413865 0.927384076990376 11.8313329019951 14.8124919491628
"85" 0.991282689912827 0.926509186351706 11.8286188829976 14.8117644003286
"86" 0.991178912411789 0.925634295713036 11.8259535610913 14.8115663898256
"87" 0.991075134910751 0.924759405074366 11.8233365995873 14.8123913208053
"88" 0.990971357409714 0.923884514435696 11.820767661687 14.8128914261745
"89" 0.990867579908676 0.923009623797025 11.8182464104947 14.8143381052095
"90" 0.990763802407638 0.922134733158355 11.8157725090289 14.8157850873091
"91" 0.9906600249066 0.921259842519685 11.8105046099668 14.814625061322
"92" 0.990556247405562 0.920384951881015 11.8053060411415 14.8145318929969
"93" 0.990452469904525 0.919510061242345 11.8001764299694 14.8142936338918
"94" 0.990348692403487 0.918635170603675 11.7951154030605 14.8148464183404
"95" 0.990244914902449 0.917760279965004 11.7901225862266 14.8156972619052
"96" 0.990141137401411 0.916885389326334 11.7851976044892 14.8171452964154
"97" 0.990037359900374 0.916010498687664 11.7803400820883 14.8185936344968
"98" 0.989933582399336 0.915135608048994 11.7755496424901 14.8200422762448
"99" 0.989829804898298 0.914260717410324 11.7703295531998 14.816226742635
"100" 0.98972602739726 0.913385826771654 11.7651790715078 14.8124504789802
"101" 0.989622249896222 0.912510936132983 11.7600978191732 14.8127801758034
"102" 0.989518472395185 0.911636045494313 11.7550854171224 14.8107718644342
"103" 0.989414694894147 0.910761154855643 11.7501414854569 14.8087450486196
"104" 0.989310917393109 0.909886264216973 11.7452656434622 14.8075982578742
"105" 0.989207139892071 0.909011373578303 11.7404575096161 14.808124384436
"106" 0.989103362391034 0.908136482939633 11.7357167015977 14.8089022794047
"107" 0.988999584889996 0.907261592300962 11.731042836296 14.8100994014424
"108" 0.988895807388958 0.906386701662292 11.7264355298196 14.8110873783222
"109" 0.98879202988792 0.905511811023622 11.7218943975055 14.8123269970647
"110" 0.988688252386883 0.904636920384952 11.7174190539291 14.81356687604
"111" 0.988584474885845 0.903762029746282 11.7136501390032 14.8102896128449
"112" 0.988480697384807 0.902887139107612 11.7099394721164 14.8084623555636
"113" 0.988376919883769 0.902012248468941 11.7062866899684 14.8074910369037
"114" 0.988273142382731 0.901137357830271 11.7026914288115 14.8071049795218
"115" 0.988169364881694 0.900262467191601 11.6991533244621 14.8069176665528
"116" 0.988065587380656 0.899387576552931 11.6956720123115 14.807522301001
"117" 0.987961809879618 0.898512685914261 11.6922471273372 14.8080529561254
"118" 0.98785803237858 0.897637795275591 11.6888783041147 14.8087629765896
"119" 0.987754254877543 0.89676290463692 11.6855651768286 14.8095833971587
"120" 0.987650477376505 0.89588801399825 11.6823073792851 14.8107822260056
"121" 0.987546699875467 0.89501312335958 11.6791045449234 14.8120233758823
"122" 0.987442922374429 0.89413823272091 11.6759563068281 14.8134749810715
"123" 0.987339144873391 0.89326334208224 11.672862297742 14.8149268914122
"124" 0.987235367372354 0.89238845144357 11.6698221500779 14.8163791070005
"125" 0.987131589871316 0.891513560804899 11.6633980622107 14.8095712163219
"126" 0.987027812370278 0.890638670166229 11.6570532385431 14.805903122109
"127" 0.98692403486924 0.889763779527559 11.650787286391 14.8009527507435
"128" 0.986820257368203 0.888888888888889 11.6445998119003 14.8001952672361
"129" 0.986716479867165 0.888013998250219 11.6384904200532 14.8009342603234
"130" 0.986612702366127 0.887139107611549 11.6324587146743 14.8018525123051
"131" 0.986508924865089 0.886264216972878 11.6265042984364 14.8028836350184
"132" 0.986405147364051 0.885389326334208 11.6206267728676 14.8038302615708
"133" 0.986301369863014 0.884514435695538 11.6148257383574 14.8052826847886
"134" 0.986197592361976 0.883639545056868 11.6090261235615 14.7985847741393
"135" 0.986093814860938 0.882764654418198 11.6033079480144 14.7974702058401
"136" 0.9859900373599 0.881889763779528 11.5976707634539 14.7983826762908
"137" 0.985886259858863 0.881014873140857 11.5921141200706 14.7988399012246
"138" 0.985782482357825 0.880139982502187 11.5866375665153 14.8000398707626
"139" 0.985678704856787 0.879265091863517 11.581240649907 14.8014928124209
"140" 0.985574927355749 0.878390201224847 11.5759229158419 14.8029460600583
"141" 0.985471149854712 0.877515310586177 11.5706839084017 14.8043996137714
"142" 0.985367372353674 0.876640419947507 11.5656089750807 14.7978130062481
"143" 0.985263594852636 0.875765529308836 11.5606107770291 14.7952754301518
"144" 0.985159817351598 0.874890638670166 11.5556888577424 14.794785480905
"145" 0.98505603985056 0.874015748031496 11.5508427593035 14.7942549811443
"146" 0.984952262349523 0.873140857392826 11.5460720223933 14.7938977561926
"147" 0.984848484848485 0.872265966754156 11.5413761863013 14.795049232269
"148" 0.984744707347447 0.871391076115486 11.5367547889378 14.796292255689
"149" 0.984640929846409 0.870516185476815 11.5322073668446 14.7977463337092
"150" 0.984537152345372 0.869641294838145 11.5277334552081 14.7992007182706
"151" 0.984433374844334 0.868766404199475 11.5189817966209 14.7937324648055
"152" 0.984329597343296 0.867891513560805 11.5103371708676 14.7939956474589
"153" 0.984225819842258 0.867016622922135 11.5017991130128 14.7892297806741
"154" 0.98412204234122 0.866141732283465 11.4933671554207 14.7896407724627
"155" 0.984018264840183 0.865266841644794 11.4850408277488 14.7881622865936
"156" 0.983914487339145 0.864391951006124 11.4768196569429 14.7884504239773
"157" 0.983810709838107 0.863517060367454 11.4687031672316 14.7895372424071
"158" 0.983706932337069 0.862642169728784 11.4606908801213 14.7909919883974
"159" 0.983603154836032 0.861767279090114 11.4527823143917 14.792447041361
"160" 0.983499377334994 0.860892388451444 11.4440461112112 14.7914210808698
"161" 0.983395599833956 0.860017497812773 11.4354203507503 14.7901577535812
"162" 0.983291822332918 0.859142607174103 11.4269045473308 14.789675001258
"163" 0.98318804483188 0.858267716535433 11.4184982121918 14.7852432863048
"164" 0.983084267330843 0.857392825896763 11.4102008534806 14.783605109306
"165" 0.982980489829805 0.856517935258093 11.402011976244 14.7823353049277
"166" 0.982876712328767 0.855643044619423 11.3939310824201 14.7826638818751
"167" 0.982772934827729 0.854768153980752 11.38595767083 14.7830925192391
"168" 0.982669157326692 0.853893263342082 11.3780912371706 14.7838303355472
"169" 0.982565379825654 0.853018372703412 11.3703312740064 14.7852861689159
"170" 0.982461602324616 0.852143482064742 11.3626772707629 14.7867423098443
"171" 0.982357824823578 0.851268591426072 11.3551287137196 14.7881987584298
"172" 0.982254047322541 0.850393700787402 11.3496940992366 14.7872618664335
"173" 0.982150269821503 0.849518810148731 11.3443453825742 14.7826843974215
"174" 0.982046492320465 0.848643919510061 11.339082045943 14.7803399886997
"175" 0.981942714819427 0.847769028871391 11.3339035693659 14.7802263960211
"176" 0.981838937318389 0.846894138232721 11.3288094306875 14.7798460628215
"177" 0.981735159817352 0.846019247594051 11.3237991055832 14.7804828360746
"178" 0.981631382316314 0.845144356955381 11.3188720675697 14.7819397007364
"179" 0.981527604815276 0.84426946631671 11.3147135347361 14.7704071047548
"180" 0.981423827314238 0.84339457567804 11.3106310094272 14.7639072837821
"181" 0.981320049813201 0.84251968503937 11.3066239599288 14.7629483490809
"182" 0.981216272312163 0.8416447944007 11.3026918527387 14.7618852792321
"183" 0.981112494811125 0.84076990376203 11.2988341525847 14.7615521981715
"184" 0.981008717310087 0.83989501312336 11.2950503224429 14.7614014320889
"185" 0.980904939809049 0.839020122484689 11.2913398235563 14.7614189163153
"186" 0.980801162308012 0.838145231846019 11.2877021154544 14.7618746006992
"187" 0.980697384806974 0.837270341207349 11.2841366559733 14.762822397138
"188" 0.980593607305936 0.836395450568679 11.2806429012766 14.7637704567478
"189" 0.980489829804898 0.835520559930009 11.2786683064325 14.7593816571216
"190" 0.980386052303861 0.834645669291339 11.2767462688827 14.7551317451854
"191" 0.980282274802823 0.833770778652668 11.2748763040282 14.7532986993018
"192" 0.980178497301785 0.832895888013998 11.2730579269343 14.7544513630296
"193" 0.980074719800747 0.832020997375328 11.2712906523612 14.7559077852408
"194" 0.979970942299709 0.831146106736658 11.2684712803631 14.7521024132072
"195" 0.979867164798672 0.830271216097988 11.2657162202362 14.7485204349388
"196" 0.979763387297634 0.829396325459318 11.2630249308974 14.7463697494036
"197" 0.979659609796596 0.828521434820647 11.2603968700862 14.7456083047181
"198" 0.979555832295558 0.827646544181977 11.2578314943935 14.745681435486
"199" 0.979452054794521 0.826771653543307 11.2553282592913 14.7469259450681
"200" 0.979348277293483 0.825896762904637 11.246789468835 14.7414622774538
"201" 0.979244499792445 0.825021872265967 11.2383664790125 14.7350613617128
"202" 0.979140722291407 0.824146981627297 11.2300587611642 14.7353825822713
"203" 0.979036944790369 0.823272090988626 11.2218657827528 14.7358478696796
"204" 0.978933167289332 0.822397200349956 11.2137870073471 14.7356648016457
"205" 0.978829389788294 0.821522309711286 11.2058218946063 14.7371210850216
"206" 0.978725612287256 0.820647419072616 11.1979699002646 14.7385776772266
"207" 0.978621834786218 0.819772528433946 11.1902304761161 14.7400345783588
"208" 0.978518057285181 0.818897637795276 11.1826030700003 14.7414917885167
"209" 0.978414279784143 0.818022747156605 11.1750871257874 14.7429493077984
"210" 0.978310502283105 0.817147856517935 11.1696868359367 14.741045715107
"211" 0.978206724782067 0.816272965879265 11.1643805947647 14.7401832562524
"212" 0.978102947281029 0.815398075240595 11.1589578395808 14.7364240773142
"213" 0.977999169779992 0.814523184601925 11.1536298871351 14.7310146711136
"214" 0.977895392278954 0.813648293963255 11.1483961323245 14.7269483939695
"215" 0.977791614777916 0.812773403324584 11.1432559666152 14.7255544078516
"216" 0.977687837276878 0.811898512685914 11.1382087780484 14.7236463632354
"217" 0.977584059775841 0.811023622047244 11.1332539512457 14.7227870848977
"218" 0.977480282274803 0.810148731408574 11.1283908674171 14.7239891719371
"219" 0.977376504773765 0.809273840769904 11.1236189043682 14.725446380386
"220" 0.977272727272727 0.808398950131234 11.1189374365092 14.7269038983196
"221" 0.977168949771689 0.807524059492563 11.1143458348647 14.7283617258364
"222" 0.977065172270652 0.806649168853893 11.1096316328053 14.7248852314928
"223" 0.976961394769614 0.805774278215223 11.1050093157286 14.7206754226844
"224" 0.976857617268576 0.804899387576553 11.1004782332298 14.7202955811713
"225" 0.976753839767538 0.804024496937883 11.0960377312189 14.7164203548287
"226" 0.976650062266501 0.803149606299213 11.0916871519321 14.714686865647
"227" 0.976546284765463 0.802274715660542 11.0874258339436 14.7130424839971
"228" 0.976442507264425 0.801399825021872 11.0832531121796 14.7129049843601
"229" 0.976338729763387 0.800524934383202 11.0791683179323 14.7128169743768
"230" 0.97623495226235 0.799650043744532 11.075170778876 14.7140620915209
"231" 0.976131174761312 0.798775153105862 11.0712598190837 14.7150527777189
"232" 0.976027397260274 0.797900262467192 11.067434759046 14.7165110502099
"233" 0.975923619759236 0.797025371828521 11.0636949156904 14.7179696328396
"234" 0.975819842258198 0.796150481189851 11.0600396024025 14.7194285257071
"235" 0.975716064757161 0.795275590551181 11.056468129048 14.7208877289113
"236" 0.975612287256123 0.794400699912511 11.0483077855763 14.7093429509157
"237" 0.975508509755085 0.793525809273841 11.0402748149248 14.7090723528966
"238" 0.975404732254047 0.792650918635171 11.0323686010935 14.7053869757063
"239" 0.97530095475301 0.7917760279965 11.0245885219717 14.7053043283654
"240" 0.975197177251972 0.79090113735783 11.0169339492925 14.7055614012652
"241" 0.975093399750934 0.79002624671916 11.0094042485872 14.7062937253646
"242" 0.974989622249896 0.78915135608049 11.001998779141 14.7062801337435
"243" 0.974885844748858 0.78827646544182 10.9947168939477 14.7077391799574
"244" 0.974782067247821 0.78740157480315 10.9875579396661 14.7091985368381
"245" 0.974678289746783 0.786526684164479 10.9805212565759 14.7106582044847
"246" 0.974574512245745 0.785651793525809 10.9736061785348 14.7119052131317
"247" 0.974470734744707 0.784776902887139 10.9668120329353 14.7133654799276
"248" 0.97436695724367 0.783902012248469 10.9601381406633 14.7148260577825
"249" 0.974263179742632 0.783027121609799 10.9535838160556 14.7162869467959
"250" 0.974159402241594 0.782152230971129 10.9471483668599 14.7177481470672
"251" 0.974055624740556 0.781277340332458 10.9433943605264 14.7155573986491
"252" 0.973951847239518 0.780402449693788 10.9397298397015 14.7143853776291
"253" 0.973848069738481 0.779527559055118 10.936154050218 14.7101125540221
"254" 0.973744292237443 0.778652668416448 10.932666233348 14.7075363733685
"255" 0.973640514736405 0.777777777777778 10.929265625826 14.7068845716443
"256" 0.973536737235367 0.776902887139108 10.9259514598747 14.7070045688902
"257" 0.97343295973433 0.776027996500437 10.9227229632323 14.7070597305239
"258" 0.973329182233292 0.775153105861767 10.9195793591824 14.7077242091087
"259" 0.973225404732254 0.774278215223097 10.912587097522 14.7080869322881
"260" 0.973121627231216 0.773403324584427 10.9057178429586 14.7086461456874
"261" 0.973017849730178 0.772528433945757 10.8989709089218 14.7095493551926
"262" 0.972914072229141 0.771653543307087 10.8923456019568 14.7097912778007
"263" 0.972810294728103 0.770778652668416 10.8858412216777 14.7109977491062
"264" 0.972706517227065 0.769903762029746 10.8794570607207 14.7124605676007
"265" 0.972602739726027 0.769028871391076 10.8744966658053 14.7113965287274
"266" 0.97249896222499 0.768153980752406 10.8696402181067 14.710957165179
"267" 0.972395184723952 0.767279090113736 10.8648869675795 14.711399543028
"268" 0.972291407222914 0.766404199475066 10.8602361582747 14.7112016385495
"269" 0.972187629721876 0.765529308836395 10.8556870283328 14.711484577016
"270" 0.972083852220838 0.764654418197725 10.8512388099787 14.7121790378871
"271" 0.971980074719801 0.763779527559055 10.8468907295176 14.713130091901
"272" 0.971876297218763 0.762904636920385 10.8426420073336 14.7136120317921
"273" 0.971772519717725 0.762029746281715 10.8384918578897 14.7150765354265
"274" 0.971668742216687 0.761154855643045 10.8344394897297 14.7165413518886
"275" 0.97156496471565 0.760279965004374 10.8282233400797 14.7164731450295
"276" 0.971461187214612 0.759405074365704 10.8221239370364 14.7168024278159
"277" 0.971357409713574 0.758530183727034 10.8161405610622 14.7170719947657
"278" 0.971253632212536 0.757655293088364 10.8102724858721 14.7177389631289
"279" 0.971149854711499 0.756780402449694 10.8045189783982 14.7189483465124
"280" 0.971046077210461 0.755905511811024 10.7988792987561 14.7202007723269
"281" 0.970942299709423 0.755030621172353 10.7933527002117 14.7214106773624
"282" 0.970838522208385 0.754155730533683 10.7879384291501 14.7228774235599
"283" 0.970734744707347 0.753280839895013 10.7826357250447 14.7243444833657
"284" 0.97063096720631 0.752405949256343 10.7791533124389 14.7219333736259
"285" 0.970527189705272 0.751531058617673 10.7757592839984 14.7213001769191
"286" 0.970423412204234 0.750656167979003 10.7724528514829 14.7206842615638
"287" 0.970319634703196 0.749781277340333 10.7692332218641 14.7211489987181
"288" 0.970215857202159 0.748906386701662 10.7660995973555 14.7211657790727
"289" 0.970112079701121 0.748031496062992 10.7630511754452 14.7220603486429
"290" 0.970008302200083 0.747156605424322 10.7600871489307 14.7231921674934
"291" 0.969904524699045 0.746281714785652 10.7572067059566 14.7246605167516
"292" 0.969800747198007 0.745406824146982 10.7544090300547 14.7261291802633
"293" 0.96969696969697 0.744531933508311 10.7510225097131 14.7223911986428
"294" 0.969593192195932 0.743657042869641 10.7477295903543 14.7180710998365
"295" 0.969489414694894 0.742782152230971 10.7445293920288 14.7182974275964
"296" 0.969385637193856 0.741907261592301 10.7421458860073 14.7160739589264
"297" 0.969281859692819 0.741032370953631 10.7398533569354 14.7161375372229
"298" 0.969178082191781 0.740157480314961 10.7376507139025 14.7167665004657
"299" 0.969074304690743 0.73928258967629 10.7355368567915 14.7182354195597
"300" 0.968970527189705 0.73840769903762 10.7343199316877 14.7077660284906
"301" 0.968866749688667 0.73753280839895 10.7331747964968 14.7057910269367
"302" 0.96876297218763 0.73665791776028 10.7321003269962 14.7055627963456
"303" 0.968659194686592 0.73578302712161 10.7310953932376 14.7062073152458
"304" 0.968555417185554 0.73490813648294 10.7301588597516 14.7064235339323
"305" 0.968451639684516 0.734033245844269 10.7292895857628 14.7068791359179
"306" 0.968347862183479 0.733158355205599 10.7284864254174 14.7083480973514
"307" 0.968244084682441 0.732283464566929 10.7277482280234 14.7098173736748
"308" 0.968140307181403 0.731408573928259 10.7213126069051 14.6977063506534
"309" 0.968036529680365 0.730533683289589 10.7150350817717 14.6944871364607
"310" 0.967932752179328 0.729658792650919 10.7089147643678 14.6922366872463
"311" 0.96782897467829 0.728783902012249 10.7029507461572 14.6907756322969
"312" 0.967725197177252 0.727909011373578 10.6971420978514 14.6902007177616
"313" 0.967621419676214 0.727034120734908 10.6914878689287 14.690183962397
"314" 0.967517642175176 0.726159230096238 10.6859870871431 14.6904443215899
"315" 0.967413864674139 0.725284339457568 10.6806387580255 14.6909260509731
"316" 0.967310087173101 0.724409448818898 10.6754418643739 14.6919232892884
"317" 0.967206309672063 0.723534558180227 10.6703953657357 14.6933923797701
"318" 0.967102532171025 0.722659667541557 10.6668931999634 14.6937977225151
"319" 0.966998754669988 0.721784776902887 10.6635249398688 14.69292663531
"320" 0.96689497716895 0.720909886264217 10.6602892241835 14.6876510527139
"321" 0.966791199667912 0.720034995625547 10.6571846626353 14.6879898670856
"322" 0.966687422166874 0.719160104986877 10.6542098354383 14.6881193017002
"323" 0.966583644665836 0.718285214348206 10.6513632927887 14.6863412881416
"324" 0.966479867164799 0.717410323709536 10.6486435543655 14.6865373780688
"325" 0.966376089663761 0.716535433070866 10.6460491088399 14.6869746446035
"326" 0.966272312162723 0.715660542432196 10.6435784133951 14.6876418188663
"327" 0.966168534661685 0.714785651793526 10.641229893257 14.6883376402695
"328" 0.966064757160648 0.713910761154856 10.6390019412413 14.6895502311363
"329" 0.96596097965961 0.713035870516185 10.6368929173163 14.6910209606412
"330" 0.965857202158572 0.712160979877515 10.6349011481868 14.6924920061941
"331" 0.965753424657534 0.711286089238845 10.6309919786518 14.6869845094993
"332" 0.965649647156496 0.710411198600175 10.6272252785791 14.6806050179476
"333" 0.965545869655459 0.709536307961505 10.6235997325889 14.6788482786733
"334" 0.965442092154421 0.708661417322835 10.6201139940383 14.6775818165412
"335" 0.965338314653383 0.707786526684165 10.6167666843397 14.6769013523417
"336" 0.965234537152345 0.706911636045494 10.6135563922754 14.6773096344379
"337" 0.965130759651308 0.706036745406824 10.6104816733102 14.6785222129728
"338" 0.96502698215027 0.705161854768154 10.6068790627652 14.6783547831776
"339" 0.964923204649232 0.704286964129484 10.6034290597234 14.676264892353
"340" 0.964819427148194 0.703412073490814 10.6001302001843 14.6727332339285
"341" 0.964715649647157 0.702537182852144 10.5969809742219 14.671256340137
"342" 0.964611872146119 0.701662292213473 10.5939798245433 14.6719515216093
"343" 0.964508094645081 0.700787401574803 10.5911251450178 14.6734225729888
"344" 0.964404317144043 0.699912510936133 10.5884152791772 14.6748939409618
"345" 0.964300539643005 0.699037620297463 10.5858485186908 14.6763656256305
"346" 0.964196762141968 0.698162729658793 10.5829105644944 14.675987793779
"347" 0.96409298464093 0.697287839020122 10.5801281480342 14.6774599130248
"348" 0.963937318389373 0.696412948381452 10.5715921086472 14.6720671551029
"349" 0.963781652137817 0.695538057742782 10.5631739743155 14.6714912692467
"350" 0.96362598588626 0.694663167104112 10.5548730952991 14.6718970075539
"351" 0.963470319634703 0.693788276465442 10.5466888196716 14.6733671025728
"352" 0.963314653383146 0.692913385826772 10.5386204933331 14.6749302645069
"353" 0.96315898713159 0.692038495188101 10.5294908080038 14.6673800819835
"354" 0.963003320880033 0.691163604549431 10.5204850412218 14.6687639555891
"355" 0.962847654628477 0.690288713910761 10.5116025291361 14.6701795266565
"356" 0.96269198837692 0.689413823272091 10.5028426054058 14.6716972263236
"357" 0.962536322125363 0.688538932633421 10.4942046012105 14.6731819525846
"358" 0.962380655873807 0.687664041994751 10.4867267512412 14.6642940759511
"359" 0.96222498962225 0.686789151356081 10.4793668985041 14.659381983287
"360" 0.962069323370693 0.68591426071741 10.4721243124234 14.6597525167007
"361" 0.961913657119137 0.68503937007874 10.4649982597798 14.6619630711052
"362" 0.96175799086758 0.68416447944007 10.4593645204567 14.6568092632367
"363" 0.961602324616023 0.6832895888014 10.4538334624506 14.6585878890524
"364" 0.961446658364467 0.68241469816273 10.4484043525338 14.6607993286156
"365" 0.96129099211291 0.68153980752406 10.443076455545 14.6630114843959
"366" 0.961135325861353 0.680664916885389 10.4363982487693 14.6590083294034
"367" 0.960979659609797 0.679790026246719 10.4298372980294 14.6603637174196
"368" 0.96082399335824 0.678915135608049 10.4225079946361 14.659485354936
"369" 0.960668327106683 0.678040244969379 10.4153115625254 14.659116525432
"370" 0.960512660855127 0.677165354330709 10.4082471032157 14.6588160857945
"371" 0.96035699460357 0.676290463692038 10.4013137135356 14.6607058874077
"372" 0.960201328352013 0.675415573053368 10.3945104856422 14.6629205384567
"373" 0.960045662100457 0.674540682414698 10.3909146421783 14.65666706877
"374" 0.9598899958489 0.673665791776028 10.3874108193994 14.6548669667207
"375" 0.959734329597343 0.672790901137358 10.3839981648033 14.6564329594164
"376" 0.959578663345787 0.671916010498688 10.3806758241636 14.6586483543701
"377" 0.95942299709423 0.671041119860017 10.3774429415875 14.6608644682188
"378" 0.959267330842673 0.670166229221347 10.3706030513098 14.6524948618714
"379" 0.959111664591117 0.669291338582677 10.3638913684008 14.6510924648181
"380" 0.95895599833956 0.668416447944007 10.3573069907499 14.6494101244963
"381" 0.958800332088003 0.667541557305337 10.3509225419559 14.6497088703581
"382" 0.958644665836447 0.666666666666667 10.344663850377 14.6496661230671
"383" 0.95848899958489 0.665791776027997 10.3385299889257 14.6509084898043
"384" 0.958333333333333 0.664916885389326 10.3325200260767 14.6524299619367
"385" 0.958177667081777 0.664041994750656 10.3281511415257 14.6336778484376
"386" 0.95802200083022 0.663167104111986 10.3238861644572 14.6248623853959
"387" 0.957866334578663 0.662292213473316 10.3197241812582 14.6219906989421
"388" 0.957710668327107 0.661417322834646 10.3156642755006 14.6173680652665
"389" 0.95755500207555 0.660542432195976 10.311705527995 14.6178805840581
"390" 0.957399335823993 0.659667541557305 10.3034942427115 14.6164206100179
"391" 0.957243669572437 0.658792650918635 10.2954277136885 14.6104607379455
"392" 0.95708800332088 0.657917760279965 10.2875050105535 14.6081656359184
"393" 0.956932337069323 0.657042869641295 10.279725197164 14.6076750476206
"394" 0.956776670817767 0.656167979002625 10.2720873316145 14.6089943497371
"395" 0.95662100456621 0.655293088363955 10.264688072197 14.6050291277516
"396" 0.956465338314653 0.654418197725284 10.257437364633 14.6057220931264
"397" 0.956309672063097 0.653543307086614 10.2503341503609 14.6079368064351
"398" 0.95615400581154 0.652668416447944 10.2433773632667 14.6101522408747
"399" 0.955998339559983 0.651793525809274 10.2370472595891 14.6050170839062
"400" 0.955842673308427 0.650918635170604 10.2308564021167 14.5993661033367
"401" 0.95568700705687 0.650043744531933 10.2248036934998 14.5956464843931
"402" 0.955531340805313 0.649168853893263 10.2188880292388 14.5972097175972
"403" 0.955375674553757 0.648293963254593 10.2078626403202 14.5957491568324
"404" 0.9552200083022 0.647419072615923 10.1970285139869 14.5923431276006
"405" 0.955064342050643 0.646544181977253 10.1863846258508 14.5938602618355
"406" 0.954908675799087 0.645669291338583 10.1759299401247 14.5955841327575
"407" 0.95475300954753 0.644794400699913 10.1656634095329 14.5973930565875
"408" 0.954597343295973 0.643919510061242 10.1555839752222 14.599284244236
"409" 0.954441677044417 0.643044619422572 10.1456905666748 14.6015022421012
"410" 0.95428601079286 0.642169728783902 10.135982101621 14.6037209635805
"411" 0.954130344541303 0.641294838145232 10.1254748145305 14.6009543914441
"412" 0.953974678289747 0.640419947506562 10.1151616194802 14.596002214368
"413" 0.95381901203819 0.639545056867892 10.1050414261352 14.5955773901589
"414" 0.953663345786633 0.638670166229221 10.0951131310941 14.594837967862
"415" 0.953507679535077 0.637795275590551 10.0853756177747 14.5954176479842
"416" 0.95335201328352 0.636920384951881 10.0758277563009 14.5969844173166
"417" 0.953196347031963 0.636045494313211 10.0664684033902 14.5988783178747
"418" 0.953040680780407 0.635170603674541 10.0595391617773 14.5913114136909
"419" 0.95288501452885 0.634295713035871 10.0527662894485 14.5859606326647
"420" 0.952729348277293 0.6334208223972 10.0478351576887 14.5811143391389
"421" 0.952573682025737 0.63254593175853 10.0430397381269 14.5798845736652
"422" 0.95241801577418 0.63167104111986 10.0383787341932 14.5778567716739
"423" 0.952262349522623 0.63079615048119 10.0338508402344 14.5776000618329
"424" 0.952106683271067 0.62992125984252 10.0294547415689 14.5778667886259
"425" 0.95195101701951 0.629046369203849 10.0251891145466 14.5785511204917
"426" 0.951795350767954 0.628171478565179 10.0210526266147 14.5799683749332
"427" 0.951639684516397 0.627296587926509 10.0170439363892 14.5818158406265
"428" 0.95148401826484 0.626421697287839 10.0131616937318 14.5840378751753
"429" 0.951328352013283 0.625546806649169 10.010621519714 14.5859333760821
"430" 0.951172685761727 0.624671916010499 10.0081797097067 14.5881568117991
"431" 0.95101701951017 0.623797025371829 10.0046223996851 14.5838173156227
"432" 0.950861353258614 0.622922134733158 10.001183578917 14.5807101623258
"433" 0.950705687007057 0.622047244094488 9.99786191352002 14.5809001385235
"434" 0.9505500207555 0.621172353455818 9.9874432850618 14.578106893202
"435" 0.950394354503943 0.620297462817148 9.97722859469675 14.5779255292887
"436" 0.950238688252387 0.619422572178478 9.96721668436394 14.579120453538
"437" 0.95008302200083 0.618547681539808 9.9574063799842 14.5809708072819
"438" 0.949927355749274 0.617672790901137 9.94779649128273 14.5831963446404
"439" 0.949771689497717 0.616797900262467 9.93838581161207 14.5854226115238
"440" 0.94961602324616 0.615923009623797 9.93097098309449 14.5813973562142
"441" 0.949460356994604 0.615048118985127 9.92373099485426 14.5818519896988
"442" 0.949304690743047 0.614173228346457 9.9173185573469 14.5789092319528
"443" 0.94914902449149 0.613298337707787 9.91107356326493 14.5744130408799
"444" 0.948993358239934 0.612423447069116 9.90499458531512 14.5766396929179
"445" 0.948837691988377 0.611548556430446 9.90001422756647 14.5753305891995
"446" 0.94868202573682 0.610673665791776 9.89519048886641 14.5762283286662
"447" 0.948526359485264 0.609798775153106 9.88636728875601 14.5748391542351
"448" 0.948370693233707 0.608923884514436 9.87775936287422 14.5738532860228
"449" 0.94821502698215 0.608048993875765 9.86936529556806 14.5734225518252
"450" 0.948059360730594 0.607174103237095 9.86118364533457 14.5731267090822
"451" 0.947903694479037 0.606299212598425 9.85321294440728 14.5741359015117
"452" 0.94774802822748 0.605424321959755 9.8454516983406 14.5760369366994
"453" 0.947592361975924 0.604549431321085 9.83789838559266 14.5778916473828
"454" 0.947436695724367 0.603674540682415 9.83055145710699 14.5801225294104
"455" 0.94728102947281 0.602799650043745 9.82340933589365 14.5820254855666
"456" 0.947125363221254 0.601924759405074 9.81647041661021 14.5842577803377
"457" 0.946969696969697 0.601049868766404 9.80973306514325 14.586490809014
"458" 0.94681403071814 0.600174978127734 9.80536981302929 14.5887245719573
"459" 0.946658364466584 0.599300087489064 9.7966164579948 14.5836148649794
"460" 0.946502698215027 0.598425196850394 9.78808063069489 14.5753321446417
"461" 0.94634703196347 0.597550306211724 9.77976088933368 14.5761112090349
"462" 0.946191365711914 0.596675415573053 9.77165576486562 14.5779686781502
"463" 0.946035699460357 0.595800524934383 9.76606912053091 14.5769001196149
"464" 0.9458800332088 0.594925634295713 9.76066265748421 14.5791345098919
"465" 0.945724366957244 0.594050743657043 9.75339121618841 14.5745627876879
"466" 0.945568700705687 0.593175853018373 9.74632297296227 14.5734888537355
"467" 0.94541303445413 0.592300962379703 9.73945631451121 14.5750183712935
"468" 0.945257368202574 0.591426071741032 9.73278959915966 14.5759602293692
"469" 0.945101701951017 0.590551181102362 9.72632115645452 14.5781963049532
"470" 0.94494603569946 0.589676290463692 9.72004928677135 14.5804331172598
"471" 0.944790369447904 0.588801399825022 9.71397226092371 14.582670666653
"472" 0.944634703196347 0.587926509186352 9.71010580657227 14.5789458398445
"473" 0.94447903694479 0.587051618547682 9.70570753020766 14.5782037759736
"474" 0.944323370693234 0.586176727909011 9.70148040737287 14.580065264353
"475" 0.944167704441677 0.585301837270341 9.69860409612319 14.5611255682935
"476" 0.94401203819012 0.584426946631671 9.69589130011923 14.5595767007226
"477" 0.943856371938564 0.583552055993001 9.69333945712882 14.5589084317158
"478" 0.943700705687007 0.582677165354331 9.69234954814381 14.5500672948333
"479" 0.94354503943545 0.581802274715661 9.6914804604936 14.5466544984393
"480" 0.943389373183894 0.58092738407699 9.68478141116362 14.5277960883922
"481" 0.943233706932337 0.58005249343832 9.6783447565613 14.5196872145174
"482" 0.94307804068078 0.57917760279965 9.67216861149426 14.5202696820212
"483" 0.942922374429224 0.57830271216098 9.66625101053162 14.5225017318256
"484" 0.942766708177667 0.57742782152231 9.66365008529919 14.5137657432968
"485" 0.94261104192611 0.57655293088364 9.66125823155149 14.5159974562347
"486" 0.942455375674554 0.575678040244969 9.657220121007 14.5128962907835
"487" 0.942299709422997 0.574803149606299 9.65342087704073 14.5145644197688
"488" 0.94214404317144 0.573928258967629 9.64985756139836 14.5167973708764
"489" 0.941988376919884 0.573053368328959 9.64652710637386 14.5185321515255
"490" 0.941832710668327 0.572178477690289 9.6434263090581 14.5207664965454
"491" 0.94167704441677 0.571303587051619 9.6401202778674 14.5019718660274
"492" 0.941521378165214 0.570428696412948 9.63706370208332 14.4976423033467
"493" 0.941365711913657 0.569553805774278 9.63425313567343 14.4925338929116
"494" 0.9412100456621 0.568678915135608 9.63069775317333 14.4877465625951
"495" 0.941054379410544 0.567804024496938 9.6274102276317 14.4849567808632
"496" 0.940898713158987 0.566929133858268 9.624387390207 14.4831016148656
"497" 0.94074304690743 0.566054243219598 9.62162584331312 14.4835894007528
"498" 0.940587380655874 0.565179352580927 9.61912194233577 14.4846501763234
"499" 0.940379825653798 0.564304461942257 9.6087953661081 14.4784492159279
"500" 0.940172270651723 0.563429571303587 9.59865115357805 14.4765830947922
"501" 0.939964715649647 0.562554680664917 9.58868810192187 14.4783011154319
"502" 0.939757160647572 0.561679790026247 9.5789050013984 14.4812779363949
"503" 0.939549605645496 0.560804899387577 9.56786413635007 14.4824142984561
"504" 0.93934205064342 0.559930008748906 9.55701459591911 14.4833712265618
"505" 0.939134495641345 0.559055118110236 9.54790809039427 14.4846703491832
"506" 0.938926940639269 0.558180227471566 9.53898463124806 14.4872090991913
"507" 0.938719385637194 0.557305336832896 9.53215575254709 14.4892577795429
"508" 0.938511830635118 0.556430446194226 9.52548661803954 14.4916070620085
"509" 0.938304275633043 0.555555555555556 9.51727546122925 14.4889542517508
"510" 0.938096720630967 0.554680664916885 9.50924336910315 14.4919386987339
"511" 0.937889165628892 0.553805774278215 9.50086167599711 14.4863260374864
"512" 0.937681610626816 0.552930883639545 9.49266403756086 14.4837425863604
"513" 0.937474055624741 0.552055993000875 9.48464898877394 14.4841327343143
"514" 0.937266500622665 0.551181102362205 9.47599860596768 14.4871187571753
"515" 0.937058945620589 0.550306211723535 9.47185082879325 14.4849722497787
"516" 0.936851390618514 0.549431321084864 9.4678443411164 14.4853585740369
"517" 0.936643835616438 0.548556430446194 9.45947577294947 14.4883468535946
"518" 0.936436280614363 0.547681539807524 9.45130594270687 14.4913364578177
"519" 0.936228725612287 0.546806649168854 9.4436695466842 14.4817945992559
"520" 0.936021170610212 0.545931758530184 9.43622667515559 14.4782724584641
"521" 0.935813615608136 0.545056867891514 9.42897561579363 14.4733159180409
"522" 0.935606060606061 0.544181977252843 9.42191464245175 14.4716013306568
"523" 0.935398505603985 0.543307086614173 9.41685905655077 14.4619567057921
"524" 0.935190950601909 0.542432195975503 9.4119625684853 14.4574344947965
"525" 0.934983395599834 0.541557305336833 9.40722344073234 14.4559567054495
"526" 0.934775840597758 0.540682414698163 9.40263992610942 14.4574018490725
"527" 0.934568285595683 0.539807524059493 9.39296745646087 14.4595022103737
"528" 0.934360730593607 0.538932633420822 9.38351537668475 14.4624920481502
"529" 0.934153175591532 0.538057742782152 9.37473513296798 14.4636470733973
"530" 0.933945620589456 0.537182852143482 9.36618151805063 14.4614139428517
"531" 0.933738065587381 0.536307961504812 9.35785262247569 14.4608881033794
"532" 0.933530510585305 0.535433070866142 9.35037926120896 14.4603405342202
"533" 0.93332295558323 0.534558180227472 9.34311858448205 14.460299513859
"534" 0.933115400581154 0.533683289588801 9.3360685849813 14.4632935192005
"535" 0.932907845579078 0.532808398950131 9.32392722683389 14.4394339015837
"536" 0.932700290577003 0.531933508311461 9.31206771147131 14.4393461438269
"537" 0.932492735574927 0.531058617672791 9.30048821934041 14.4413085592204
"538" 0.932285180572852 0.530183727034121 9.28881677344635 14.435212172762
"539" 0.932077625570776 0.529308836395451 9.27743193241732 14.4356968522524
"540" 0.931870070568701 0.52843394575678 9.26633178045176 14.4386893789748
"541" 0.931662515566625 0.52755905511811 9.25783808967057 14.4278707715886
"542" 0.93145496056455 0.52668416447944 9.24958508618163 14.4229477957504
"543" 0.931247405562474 0.52580927384077 9.24472514745017 14.4183413359856
"544" 0.931039850560399 0.5249343832021 9.24006105535721 14.4170454664777
"545" 0.930832295558323 0.52405949256343 9.23698876279312 14.4129350204651
"546" 0.930624740556247 0.523184601924759 9.23282797966985 14.4035444032688
"547" 0.930417185554172 0.522309711286089 9.22884908113323 14.399871832084
"548" 0.930209630552096 0.521434820647419 9.22504957119832 14.39828779387
"549" 0.930002075550021 0.520559930008749 9.2133769066561 14.3929795891213
"550" 0.929794520547945 0.519685039370079 9.20200533054303 14.3884996494412
"551" 0.92958696554587 0.518810148731409 9.19093285556552 14.3891595383474
"552" 0.929379410543794 0.517935258092738 9.18015745158093 14.389247090224
"553" 0.929171855541719 0.517060367454068 9.16967704477614 14.3904748937674
"554" 0.928964300539643 0.516185476815398 9.15948951683803 14.3929303806988
"555" 0.928756745537567 0.515310586176728 9.15046516065195 14.3879839864468
"556" 0.928549190535492 0.514435695538058 9.14170773825367 14.3874230338274
"557" 0.928341635533416 0.513560804899388 9.13321496498262 14.3896701868441
"558" 0.928134080531341 0.512685914260717 9.12498451509639 14.392217214336
"559" 0.927926525529265 0.511811023622047 9.1174067501081 14.3931395381911
"560" 0.92771897052719 0.510936132983377 9.1100830817564 14.3945640270403
"561" 0.927511415525114 0.510061242344707 9.10408146312866 14.3931599529848
"562" 0.927303860523039 0.509186351706037 9.0983198958056 14.3882624856397
"563" 0.927096305520963 0.508311461067367 9.09279553087207 14.3871458622398
"564" 0.926888750518888 0.507436570428696 9.08750547011689 14.3891036704663
"565" 0.926681195516812 0.506561679790026 9.07921951019298 14.3858570434701
"566" 0.926473640514736 0.505686789151356 9.07123713571973 14.3863192842026
"567" 0.926266085512661 0.504811898512686 9.06355559762157 14.3881825314411
"568" 0.926058530510585 0.503937007874016 9.05617206992904 14.3911831887015
"569" 0.92585097550851 0.503062117235346 9.05077586691908 14.3900157436293
"570" 0.925643420506434 0.502187226596675 9.04562398074828 14.3898930983286
"571" 0.925435865504359 0.501312335958005 9.04071323798911 14.3916186483091
"572" 0.925228310502283 0.500437445319335 9.03404865123064 14.3870210928967
"573" 0.925020755500208 0.499562554680665 9.02765753755541 14.3842123209891
"574" 0.924813200498132 0.498687664041995 9.02153684755529 14.382380811805
"575" 0.924605645496057 0.497812773403325 9.01407196655671 14.3789310140289
"576" 0.924398090493981 0.496937882764654 9.00690113592491 14.3697858230997
"577" 0.924190535491905 0.496062992125984 9.00002139740768 14.3686835762272
"578" 0.92398298048983 0.495188101487314 8.99342971239616 14.3678079905188
"579" 0.923775425487754 0.494313210848644 8.98712296002201 14.3691747985988
"580" 0.923567870485679 0.493438320209974 8.98109793524549 14.3710618117559
"581" 0.923360315483603 0.492563429571304 8.97535134693957 14.3734673002835
"582" 0.923152760481528 0.491688538932633 8.9698798159758 14.3764740941231
"583" 0.922945205479452 0.490813648293963 8.96510549489175 14.3754319639302
"584" 0.922737650477377 0.489938757655293 8.96056967871627 14.3779906844979
"585" 0.922530095475301 0.489063867016623 8.95537158308025 14.3775560085478
"586" 0.922322540473225 0.488188976377953 8.95043371457328 14.3805664290279
"587" 0.92211498547115 0.487314085739283 8.94735333386941 14.3781921281647
"588" 0.921907430469074 0.486439195100612 8.94451653851931 14.3812040473695
"589" 0.921699875466999 0.485564304461942 8.94351503119464 14.3572100587354
"590" 0.921492320464923 0.484689413823272 8.93645036033132 14.3575941483271
"591" 0.921284765462848 0.483814523184602 8.92976405446594 14.3600626957533
"592" 0.921077210460772 0.482939632545932 8.92615592767623 14.3581254168195
"593" 0.920869655458697 0.482064741907262 8.92288535911535 14.3606353339262
"594" 0.920662100456621 0.481189851268591 8.92010549549976 14.3396793712363
"595" 0.920454545454545 0.480314960629921 8.91769773357924 14.3351739073448
"596" 0.92024699045247 0.479440069991251 8.91565564894913 14.3354852398265
"597" 0.919987546699875 0.478565179352581 8.90388985289861 14.3317146711979
"598" 0.919728102947281 0.477690288713911 8.89237790165203 14.3325102037071
"599" 0.919468659194687 0.476815398075241 8.88111786317048 14.3362721986856
"600" 0.919209215442092 0.47594050743657 8.86807398584939 14.3379733253431
"601" 0.918949771689498 0.4750656167979 8.85529952324348 14.3332608856902
"602" 0.918690327936903 0.47419072615923 8.8427925553489 14.3370262798968
"603" 0.918430884184309 0.47331583552056 8.83206387816902 14.3356981238957
"604" 0.918171440431714 0.47244094488189 8.82159316725389 14.337026604178
"605" 0.91791199667912 0.47156605424322 8.81355843334682 14.3358028632054
"606" 0.917652552926525 0.470691163604549 8.80574961284077 14.3315097890344
"607" 0.917393109173931 0.469816272965879 8.79816446462697 14.3307414071121
"608" 0.917133665421337 0.468941382327209 8.79080073079378 14.3295084039067
"609" 0.916874221668742 0.468066491688539 8.78365613674449 14.3332801946265
"610" 0.916614777916148 0.467191601049869 8.77398567155318 14.3370541205236
"611" 0.916355334163553 0.466316710411199 8.76435195009322 14.3324426452402
"612" 0.916095890410959 0.465441819772528 8.75497547053679 14.3287024205579
"613" 0.915836446658365 0.464566929133858 8.74585387864785 14.3299606654819
"614" 0.91557700290577 0.463692038495188 8.7354876024579 14.326778150083
"615" 0.915317559153176 0.462817147856518 8.72540844912495 14.3296584370664
"616" 0.915058115400581 0.461942257217848 8.72057525598692 14.3255248575813
"617" 0.914798671647987 0.461067366579178 8.71594190934531 14.3228982973861
"618" 0.914539227895392 0.460192475940507 8.71150570884244 14.3219039852173
"619" 0.914279784142798 0.459317585301837 8.70726393639429 14.3232594183821
"620" 0.914020340390203 0.458442694663167 8.70321385655613 14.3238486967794
"621" 0.913760896637609 0.457567804024497 8.69340222465076 14.3244153098101
"622" 0.913501452885014 0.456692913385827 8.68386987539769 14.3275799177729
"623" 0.91324200913242 0.455818022747157 8.67461419624995 14.3313661620678
"624" 0.912982565379826 0.454943132108486 8.66613650491013 14.3311955558095
"625" 0.912723121627231 0.454068241469816 8.65792608744225 14.3291244685402
"626" 0.912463677874637 0.453193350831146 8.64998016337685 14.3284497287689
"627" 0.912204234122042 0.452318460192476 8.64229591975605 14.3296084106003
"628" 0.911944790369448 0.451443569553806 8.63677104939699 14.3318789842143
"629" 0.911685346616854 0.450568678915136 8.62544824145892 14.3303644846206
"630" 0.911425902864259 0.449693788276465 8.61443389262171 14.331736026526
"631" 0.911166459111665 0.448818897637795 8.60372537220552 14.3336681074192
"632" 0.91090701535907 0.447944006999125 8.5953142806006 14.3332018818716
"633" 0.910647571606476 0.447069116360455 8.5855458552378 14.3351097244749
"634" 0.910388127853881 0.446194225721785 8.58004348314354 14.3339688035556
"635" 0.910128684101287 0.445319335083115 8.57481373711352 14.3358045613466
"636" 0.909869240348692 0.444444444444444 8.57033621695921 14.3383628140061
"637" 0.909609796596098 0.443569553805774 8.55840220222674 14.338419874054
"638" 0.909350352843504 0.442694663167104 8.5487583140213 14.3408254126501
"639" 0.909090909090909 0.441819772528434 8.54019301499273 14.3433080780544
"640" 0.908831465338315 0.440944881889764 8.5316880517818 14.3329713983394
"641" 0.90857202158572 0.440069991251094 8.52358825322502 14.3292938844163
"642" 0.908312577833126 0.439195100612423 8.515889307184 14.3323662494385
"643" 0.908053134080531 0.438320209973753 8.51023183146068 14.3321579741635
"644" 0.907793690327937 0.437445319335083 8.50490495902435 14.332047461723
"645" 0.907534246575342 0.436570428696413 8.49296145879669 14.333201837087
"646" 0.907274802822748 0.435695538057743 8.48146063507608 14.3363906764249
"647" 0.907015359070154 0.434820647419073 8.4743969753258 14.3402054334833
"648" 0.906755915317559 0.433945756780402 8.46814752846029 14.3395562255681
"649" 0.906496471564965 0.433070866141732 8.46227219099463 14.3401293469675
"650" 0.90623702781237 0.432195975503062 8.45676562617709 14.3413994391469
"651" 0.905977584059776 0.431321084864392 8.45162229713179 14.3445951919438
"652" 0.905718140307181 0.430446194225722 8.44641762890227 14.3465520542496
"653" 0.905458696554587 0.429571303587052 8.44077365679943 14.3455917177338
"654" 0.905199252801993 0.428696412948381 8.43548451089728 14.3450508507679
"655" 0.904939809049398 0.427821522309711 8.43054466967021 14.3475822946126
"656" 0.904680365296804 0.426946631671041 8.42594842411989 14.3514101071433
"657" 0.904420921544209 0.426071741032371 8.42168987282445 14.3552401157799
"658" 0.904161477791615 0.425196850393701 8.41854209373582 14.3556153766556
"659" 0.90390203403902 0.424321959755031 8.41572422365332 14.3554389081868
"660" 0.903642590286426 0.42344706911636 8.41322864284085 14.3559023933722
"661" 0.903383146533831 0.42257217847769 8.41221093904274 14.3308645512629
"662" 0.903123702781237 0.42169728783902 8.40474881060349 14.3304561507095
"663" 0.902864259028643 0.42082239720035 8.39778969812001 14.3321987866664
"664" 0.902604815276048 0.41994750656168 8.39132960253058 14.3346968128092
"665" 0.902345371523454 0.41907261592301 8.38536413520334 14.3377167874744
"666" 0.902085927770859 0.418197725284339 8.38205291776466 14.3344964256427
"667" 0.901826484018265 0.417322834645669 8.37855080553432 14.3305865792946
"668" 0.90156704026567 0.416447944006999 8.37549744024718 14.3330870169186
"669" 0.901307596513076 0.415573053368329 8.37352033678098 14.3067469270821
"670" 0.901048152760482 0.414698162729659 8.37202171353643 14.3077647468582
"671" 0.900736820257368 0.413823272090989 8.35900393375122 14.2944300855012
"672" 0.900425487754255 0.412948381452318 8.34631826540385 14.2983352650386
"673" 0.900114155251142 0.412073490813648 8.33187323663371 14.3021899313673
"674" 0.899802822748028 0.411198600174978 8.31778025312102 14.3067924998229
"675" 0.899491490244915 0.410323709536308 8.3057060176075 14.3071574797093
"676" 0.899180157741802 0.409448818897638 8.29397122152579 14.3101815190645
"677" 0.898868825238688 0.408573928258968 8.28285117001239 14.3140456288797
"678" 0.898557492735575 0.407699037620297 8.27238746573034 14.3133601695703
"679" 0.898246160232462 0.406824146981627 8.2622582667837 14.3179745858962
"680" 0.897934827729348 0.405949256342957 8.25073425993126 14.3201269385495
"681" 0.897623495226235 0.405074365704287 8.24613743895303 14.320725036557
"682" 0.897312162723122 0.404199475065617 8.23558596459346 14.3204189504135
"683" 0.897000830220008 0.403324584426947 8.22933052431773 14.3213087221062
"684" 0.896689497716895 0.402449693788276 8.22336604565015 14.3250346711694
"685" 0.896378165213782 0.401574803149606 8.21120381763215 14.3288688500062
"686" 0.896066832710668 0.400699912510936 8.19958181745999 14.330413523715
"687" 0.895755500207555 0.399825021872266 8.18837435740272 14.3350466976211
"688" 0.895444167704442 0.398950131233596 8.1724383587079 14.3374598533153
"689" 0.895132835201328 0.398075240594926 8.15721130692226 14.3226194309034
"690" 0.894821502698215 0.397200349956255 8.14249481149137 14.3240638905371
"691" 0.894510170195102 0.396325459317585 8.12828521800086 14.327905738366
"692" 0.894198837691988 0.395450568678915 8.11457874213221 14.332546104781
"693" 0.893887505188875 0.394575678040245 8.10872606592438 14.2989241091372
"694" 0.893576172685762 0.393700787401575 8.10322621107286 14.2983595832901
"695" 0.893264840182648 0.392825896762905 8.09807321704151 14.2991582253605
"696" 0.892953507679535 0.391951006124234 8.09326099592142 14.3020035089198
"697" 0.892642175176422 0.391076115485564 8.08878333172904 14.3052478279952
"698" 0.892330842673308 0.390201224846894 8.08463387991323 14.3090924938292
"699" 0.892019510170195 0.389326334208224 8.08029243085369 14.3049170470143
"700" 0.891708177667082 0.388451443569554 8.07624481387749 14.2936563342576
"701" 0.891396845163968 0.387576552930884 8.0712192625983 14.2982993250024
"702" 0.891085512660855 0.386701662292213 8.0577632952058 14.30063371776
"703" 0.890774180157742 0.385826771653543 8.04482708008961 14.3052823926774
"704" 0.890462847654628 0.384951881014873 8.0324064537304 14.3099343182269
"705" 0.890151515151515 0.384076990376203 8.02151126954623 14.3137900359354
"706" 0.889840182648402 0.383202099737533 8.01185366147082 14.2992113889394
"707" 0.889528850145288 0.382327209098863 8.00265304747233 14.2995820462832
"708" 0.889217517642175 0.381452318460192 7.99539867124142 14.285344061796
"709" 0.888906185139062 0.380577427821522 7.98857222671856 14.289997150604
"710" 0.888594852635949 0.379702537182852 7.98001783921262 14.2860032137691
"711" 0.888283520132835 0.378827646544182 7.97197676759759 14.2865236162076
"712" 0.887972187629722 0.377952755905512 7.96636264549267 14.2880222761287
"713" 0.887660855126609 0.377077865266842 7.96121189682963 14.2919813650196
"714" 0.887349522623495 0.376202974628171 7.95651608154843 14.2966449454061
"715" 0.887038190120382 0.375328083989501 7.95189986798514 14.2858791552822
"716" 0.886726857617269 0.374453193350831 7.94932450152946 14.2555605187474
"717" 0.886415525114155 0.373578302712161 7.94715512579348 14.2508698504415
"718" 0.886104192611042 0.372703412073491 7.94087515119867 14.2530588834024
"719" 0.885792860107929 0.371828521434821 7.93754146014615 14.2194944299942
"720" 0.885481527604815 0.37095363079615 7.93475142797885 14.213950159793
"721" 0.885170195101702 0.37007874015748 7.93249219361109 14.2185977769428
"722" 0.884858862598589 0.36920384951881 7.92947751118324 14.2197853041102
"723" 0.884547530095475 0.36832895888014 7.92831082905999 14.2201782740683
"724" 0.884184308841843 0.36745406824147 7.91407700487904 14.2256090984766
"725" 0.883821087588211 0.3665791776028 7.89827716111661 14.2164497059946
"726" 0.883457866334579 0.365704286964129 7.88291880905371 14.2111660071535
"727" 0.883094645080946 0.364829396325459 7.86799812710145 14.2148106366956
"728" 0.882731423827314 0.363954505686789 7.85486180314989 14.2159789791535
"729" 0.882368202573682 0.363079615048119 7.84533990748015 14.2176689546707
"730" 0.88200498132005 0.362204724409449 7.83289603808109 14.20206203099
"731" 0.881641760066418 0.361329833770779 7.82285426931959 14.198105263162
"732" 0.881278538812785 0.360454943132108 7.81628222584498 14.1655245767756
"733" 0.880915317559153 0.359580052493438 7.81007269647168 14.1686812091521
"734" 0.880552096305521 0.358705161854768 7.80421968465703 14.1741131931511
"735" 0.880188875051889 0.357830271216098 7.79072028268325 14.1782594157308
"736" 0.879825653798257 0.356955380577428 7.77980497188387 14.1752870671778
"737" 0.879462432544624 0.356080489938758 7.76938037185976 14.177230333413
"738" 0.879099211290992 0.355205599300087 7.75179912756504 14.1826748271171
"739" 0.87873599003736 0.354330708661417 7.74740165257865 14.1861267524365
"740" 0.878372768783728 0.353455818022747 7.74340656841489 14.1898150330583
"741" 0.878009547530096 0.352580927384077 7.73802031591596 14.18554919353
"742" 0.877646326276463 0.351706036745407 7.72455103493083 14.1910061430602
"743" 0.877283105022831 0.350831146106737 7.71272817258359 14.1866422052127
"744" 0.876919883769199 0.349956255468066 7.70148976312851 14.1890746339472
"745" 0.876556662515567 0.349081364829396 7.69082937853022 14.1905827998277
"746" 0.876193441261934 0.348206474190726 7.68088489621998 14.1951181400867
"747" 0.875830220008302 0.347331583552056 7.67359684843646 14.1993549790253
"748" 0.87546699875467 0.346456692913386 7.66508290250197 14.200868085591
"749" 0.875103777501038 0.345581802274716 7.65835696858747 14.2036197925803
"750" 0.874740556247406 0.344706911636045 7.64384534599637 14.2081252730301
"751" 0.874377334993773 0.343832020997375 7.63493078058388 14.2104640714207
"752" 0.874014113740141 0.342957130358705 7.6301727286159 14.2140527924421
"753" 0.873650892486509 0.342082239720035 7.62386665474679 14.2176444974924
"754" 0.873287671232877 0.341207349081365 7.6232624641367 14.214123843642
"755" 0.872872561228726 0.340332458442695 7.60773382437439 14.2192301295259
"756" 0.872457451224575 0.339457567804024 7.59148980148632 14.178010168667
"757" 0.872042341220423 0.338582677165354 7.57723005373417 14.1731684789743
"758" 0.871627231216272 0.337707786526684 7.5634880308778 14.1704317472289
"759" 0.871212121212121 0.336832895888014 7.55025812926093 14.1707592460193
"760" 0.87079701120797 0.335958005249344 7.53753463160839 14.177037763119
"761" 0.870381901203819 0.335083114610674 7.52720660595309 14.1766939129255
"762" 0.869966791199668 0.334208223972004 7.51733139439599 14.1829812534541
"763" 0.869551681195517 0.333333333333333 7.50379286537302 14.186900834908
"764" 0.869136571191366 0.332458442694663 7.49104401445444 14.1746767542922
"765" 0.868721461187215 0.331583552055993 7.47881131523113 14.1798655084183
"766" 0.868306351183064 0.330708661417323 7.46708858003579 14.1861663883076
"767" 0.867891241178912 0.329833770778653 7.45263695091998 14.1867737247413
"768" 0.867476131174761 0.328958880139982 7.43876589223608 14.1909119394663
"769" 0.86706102117061 0.328083989501312 7.42546908159258 14.1960779874274
"770" 0.866645911166459 0.327209098862642 7.41965945272556 14.1942130334568
"771" 0.866230801162308 0.326334208223972 7.41424674205907 14.1993856146347
"772" 0.865815691158157 0.325459317585302 7.40795927271667 14.1670412926905
"773" 0.865400581154006 0.324584426946632 7.40209959047581 14.1705440296898
"774" 0.864985471149855 0.323709536307962 7.39665941531488 14.1768646267046
"775" 0.864570361145704 0.322834645669291 7.39163031574475 14.183191293192
"776" 0.864155251141553 0.321959755030621 7.37693668824375 14.1861270307054
"777" 0.863740141137401 0.321084864391951 7.36285094162777 14.1915030379291
"778" 0.86332503113325 0.320209973753281 7.3515895361419 14.1978458690568
"779" 0.862909921129099 0.319335083114611 7.33255617782756 14.1968424072608
"780" 0.862494811124948 0.31846019247594 7.3142769165418 14.2006629071038
"781" 0.862079701120797 0.31758530183727 7.30000901332537 14.2005155134269
"782" 0.861664591116646 0.3167104111986 7.28641528130363 14.2068749090735
"783" 0.861249481112495 0.31583552055993 7.27197683174504 14.210341597918
"784" 0.860834371108344 0.31496062992126 7.26311752690923 14.2105247177808
"785" 0.860419261104193 0.31408573928259 7.24772026595983 14.206454154307
"786" 0.860004151100041 0.31321084864392 7.23837767798329 14.211710841937
"787" 0.85958904109589 0.312335958005249 7.23711234498702 14.21574253832
"788" 0.859173931091739 0.311461067366579 7.23094678353641 14.2190674071046
"789" 0.858758821087588 0.310586176727909 7.22566856033206 14.2254572886306
"790" 0.858343711083437 0.309711286089239 7.22575440136069 14.2318533506733
"791" 0.857876712328767 0.308836395450569 7.20819991297526 14.2339573622318
"792" 0.857409713574097 0.307961504811898 7.19455597444023 14.2398778963426
"793" 0.856942714819427 0.307086614173228 7.18150778741169 14.2470930886567
"794" 0.856475716064757 0.306211723534558 7.16902563289885 14.2438563201525
"795" 0.856008717310087 0.305336832895888 7.15714132206637 14.2471131229148
"796" 0.855541718555417 0.304461942257218 7.14229839482011 14.2543440798596
"797" 0.855074719800747 0.303587051618548 7.12688764774778 14.2094996015233
"798" 0.854607721046077 0.302712160979878 7.11222740767617 14.2148608197233
"799" 0.854140722291407 0.301837270341207 7.09303530083319 14.2125298244138
"800" 0.853673723536737 0.300962379702537 7.07885119636731 14.2078981643787
"801" 0.853206724782067 0.300087489063867 7.07424474225151 14.2104877267433
"802" 0.852739726027397 0.299212598425197 7.05928492747211 14.2151184225274
"803" 0.852272727272727 0.298337707786527 7.05087007415053 14.2028116104472
"804" 0.851805728518057 0.297462817147856 7.04199878805044 14.1553872126599
"805" 0.851338729763387 0.296587926509186 7.03430338382068 14.1593134443086
"806" 0.850871731008717 0.295713035870516 7.01841376733182 14.1150046747635
"807" 0.850404732254047 0.294838145231846 7.00349238141085 14.1222067640962
"808" 0.849937733499377 0.293963254593176 6.99402391735165 14.0872589530806
"809" 0.849470734744707 0.293088363954506 6.98801371246892 14.0944537078651
"810" 0.849003735990037 0.292213473315836 6.98717110537168 14.0525119105213
"811" 0.848536737235367 0.291338582677165 6.9869173260218 14.0509980336125
"812" 0.848017849730178 0.290463692038495 6.96846818025181 14.0309132247472
"813" 0.84749896222499 0.289588801399825 6.95480504581291 14.0388914977067
"814" 0.846980074719801 0.288713910761155 6.94318999116946 14.0440906467801
"815" 0.846461187214612 0.287839020122485 6.93220327347035 14.0507008140632
"816" 0.845942299709423 0.286964129483815 6.91980069952791 14.0313351652026
"817" 0.845423412204234 0.286089238845144 6.90432801329643 14.0309559334179
"818" 0.844904524699045 0.285214348206474 6.8896432786122 14.0389587313872
"819" 0.844385637193856 0.284339457567804 6.8763394546478 14.0453902527967
"820" 0.843866749688667 0.283464566929134 6.86110606867493 14.0460354814144
"821" 0.843347862183479 0.282589676290464 6.84673036647661 14.0497733108392
"822" 0.84282897467829 0.281714785651794 6.83320171425821 14.0536887294523
"823" 0.842310087173101 0.280839895013123 6.81320619764212 14.0604394531233
"824" 0.841791199667912 0.279965004374453 6.79421780671911 14.0684900229643
"825" 0.841272312162723 0.279090113735783 6.77397045367563 14.0749635602993
"826" 0.840753424657534 0.278215223097113 6.76523136491828 14.0634728518036
"827" 0.840234537152345 0.277340332458443 6.75009636680516 14.0264265470274
"828" 0.839715649647157 0.276465441819773 6.73606071726815 14.0315737355681
"829" 0.839196762141968 0.275590551181102 6.73247659310435 13.9841227964208
"830" 0.83862598588626 0.274715660542432 6.7122728526313 13.9893833115652
"831" 0.838055209630552 0.273840769903762 6.69953764321829 13.9966154658523
"832" 0.837484433374844 0.272965879265092 6.68447916189307 14.0054731343855
"833" 0.836913657119137 0.272090988626422 6.66769037806472 13.9557527293945
"834" 0.836342880863429 0.271216097987752 6.65184423410815 13.9539674402403
"835" 0.835772104607721 0.270341207349081 6.6378368352587 13.9152902200559
"836" 0.835201328352013 0.269466316710411 6.62476514322187 13.9170370101668
"837" 0.834630552096306 0.268591426071741 6.61261530458121 13.9258705449577
"838" 0.834059775840598 0.267716535433071 6.59196967943335 13.9347161699418
"839" 0.83348899958489 0.266841644794401 6.57248334809581 13.9435739099573
"840" 0.832918223329182 0.265966754155731 6.55655796243286 13.9524437899106
"841" 0.832347447073475 0.26509186351706 6.53997455838002 13.9597897441259
"842" 0.831776670817767 0.26421697287839 6.52608710246402 13.9686829248611
"843" 0.831205894562059 0.26334208223972 6.51342704607381 13.9775883192161
"844" 0.830635118306351 0.26246719160105 6.5072519237978 13.921856688542
"845" 0.830064342050643 0.26159230096238 6.50177981669439 13.9241490557578
"846" 0.829493565794936 0.26071741032371 6.49523622223678 13.9256610504178
"847" 0.828870900788709 0.259842519685039 6.47430465614059 13.9042833782622
"848" 0.828248235782482 0.258967629046369 6.45432809279738 13.9122216913357
"849" 0.827625570776256 0.258092738407699 6.43894363529311 13.9185918441828
"850" 0.827002905770029 0.257217847769029 6.42011265963538 13.9221379649139
"851" 0.826380240763802 0.256342957130359 6.40472670241709 13.9318746003264
"852" 0.825757575757576 0.255468066491689 6.39724240534493 13.9351201445405
"853" 0.825134910751349 0.254593175853018 6.37822036364556 13.9228869366985
"854" 0.824512245745122 0.253718285214348 6.36023553232227 13.9253118762045
"855" 0.823889580738896 0.252843394575678 6.3453672648908 13.9118793674185
"856" 0.823266915732669 0.251968503937008 6.32912435240581 13.8715021184663
"857" 0.822644250726443 0.251093613298338 6.31393169012897 13.8812446456154
"858" 0.822021585720216 0.250218722659668 6.29895305581039 13.8873107769496
"859" 0.821398920713989 0.249343832020997 6.28666970335317 13.8347287415426
"860" 0.820776255707763 0.248468941382327 6.27540755065456 13.8232924586985
"861" 0.820153590701536 0.247594050743657 6.25557024642913 13.78391693958
"862" 0.819530925695309 0.246719160104987 6.23938714770805 13.7936299320629
"863" 0.818908260689083 0.245844269466317 6.22439830358602 13.7696969012297
"864" 0.818285595682856 0.244969378827647 6.21439707197727 13.7738050831705
"865" 0.817662930676629 0.244094488188976 6.20201450388846 13.7213762031872
"866" 0.817040265670403 0.243219597550306 6.19099393132786 13.7292023525905
"867" 0.816417600664176 0.242344706911636 6.18534582011984 13.6907958652935
"868" 0.815794935657949 0.241469816272966 6.18085847404413 13.6699080934302
"869" 0.815172270651723 0.240594925634296 6.17749603744199 13.6795859353857
"870" 0.814497716894977 0.239720034995626 6.16176884189313 13.6900869621526
"871" 0.813823163138232 0.238845144356955 6.14660412319577 13.6962509857905
"872" 0.813148609381486 0.237970253718285 6.12692798797296 13.7067832595966
"873" 0.812474055624741 0.237095363079615 6.11798158764454 13.71733302217
"874" 0.811799501867995 0.236220472440945 6.10024997996615 13.7126107044242
"875" 0.811124948111249 0.235345581802275 6.08312250222079 13.7231828602045
"876" 0.810450394354504 0.234470691163605 6.06737789859046 13.7337726148099
"877" 0.809775840597758 0.233595800524934 6.05790688665624 13.6787643313367
"878" 0.809101286841013 0.232720909886264 6.0496837116648 13.6893347113988
"879" 0.808426733084267 0.231846019247594 6.03842959153556 13.6933985843884
"880" 0.807700290577003 0.230971128608924 6.02188013713466 13.6803140669096
"881" 0.806973848069738 0.230096237970254 6.01385622830653 13.623821138272
"882" 0.806247405562474 0.229221347331584 5.99894005167043 13.5659987624312
"883" 0.80552096305521 0.228346456692913 5.9852856568724 13.5724399005196
"884" 0.804794520547945 0.227471566054243 5.97508702709213 13.5171946892955
"885" 0.804068078040681 0.226596675415573 5.96434188049499 13.5223196814793
"886" 0.803341635533416 0.225721784776903 5.95391475350018 13.5336433137969
"887" 0.802615193026152 0.224846894138233 5.94902361318593 13.5113390445105
"888" 0.801836861768369 0.223972003499563 5.92338018239571 13.5234836174522
"889" 0.801058530510585 0.223097112860892 5.91501115191781 13.5116611083309
"890" 0.800280199252802 0.222222222222222 5.89814399265624 13.5122961325056
"891" 0.799501867995019 0.221347331583552 5.88262233343171 13.5244771061548
"892" 0.798723536737235 0.220472440944882 5.87509283657111 13.5313800578919
"893" 0.797945205479452 0.219597550306212 5.85470369816736 13.5339595021923
"894" 0.797166874221669 0.218722659667542 5.84691672002771 13.4622392575967
"895" 0.796388542963885 0.217847769028871 5.83615934885952 13.4182582811445
"896" 0.795610211706102 0.216972878390201 5.83269685363444 13.3582154379377
"897" 0.794831880448319 0.216097987751531 5.82647502227925 13.3456920456698
"898" 0.794001660440017 0.215223097112861 5.80339564174337 13.3586008858692
"899" 0.793171440431714 0.214348206474191 5.78166375122274 13.3691126632645
"900" 0.792341220423412 0.213473315835521 5.77481511479333 13.3765695247637
"901" 0.79151100041511 0.21259842519685 5.76093678437018 13.3859989958162
"902" 0.790680780406808 0.21172353455818 5.74782507924396 13.3116148300126
"903" 0.789850560398506 0.21084864391951 5.72819493910771 13.3011927690106
"904" 0.789020340390203 0.20997375328084 5.71128668570754 13.305516473192
"905" 0.788190120381901 0.20909886264217 5.70121624546431 13.2411671364926
"906" 0.787359900373599 0.2082239720035 5.69682131637811 13.2540746542324
"907" 0.786477791614778 0.207349081364829 5.67876713192819 13.247927063331
"908" 0.785595682855957 0.206474190726159 5.67048707093867 13.2584725583973
"909" 0.784713574097136 0.205599300087489 5.64920487961894 13.193978239081
"910" 0.783831465338315 0.204724409448819 5.62959600473742 13.2028986827854
"911" 0.782949356579494 0.203849518810149 5.60198614809687 13.2166470609156
"912" 0.782067247820672 0.202974628171479 5.58333424342456 13.2241949905145
"913" 0.781185139061851 0.202099737532808 5.57482477845957 13.2296043762821
"914" 0.78030303030303 0.201224846894138 5.57250135356957 13.2406150838763
"915" 0.779420921544209 0.200349956255468 5.57442091740501 13.2320142516152
"916" 0.778486924034869 0.199475065616798 5.54698109329042 13.2441056274848
"917" 0.777552926525529 0.198600174978128 5.52126713965123 13.2588132618721
"918" 0.776618929016189 0.197725284339458 5.50229784602833 13.2735562724096
"919" 0.775684931506849 0.196850393700787 5.48493982790018 13.2883347868857
"920" 0.774750933997509 0.195975503062117 5.46396877973559 13.2820225037858
"921" 0.773816936488169 0.195100612423447 5.45323244653765 13.2161479931585
"922" 0.772882938978829 0.194225721784777 5.43409266964511 13.2120337836422
"923" 0.771948941469489 0.193350831146107 5.41707639535107 13.2268093841064
"924" 0.771014943960149 0.192475940507437 5.40954793188523 13.1626127858078
"925" 0.770080946450809 0.191601049868766 5.39421550599033 13.1730123042126
"926" 0.769095060190951 0.190726159230096 5.36882985154858 13.1680419687536
"927" 0.768109173931092 0.189851268591426 5.34892840879677 13.1802645127283
"928" 0.767123287671233 0.188976377952756 5.33433807486308 13.0954608880952
"929" 0.766137401411374 0.188101487314086 5.30627893062314 13.1110256532068
"930" 0.765151515151515 0.187226596675416 5.29919352530252 13.1238081130355
"931" 0.764165628891656 0.186351706036745 5.29537114065271 13.0728109177759
"932" 0.763127853881279 0.185476815398075 5.27625384053724 13.0825363254071
"933" 0.762090078870901 0.184601924759405 5.26782609630384 13.0113521491028
"934" 0.761052303860523 0.183727034120735 5.25360663614326 13.0277308934256
"935" 0.760014528850145 0.182852143482065 5.23077491372907 12.9524477542318
"936" 0.758976753839768 0.181977252843395 5.22592026147652 12.9245993429851
"937" 0.75793897882939 0.181102362204724 5.22216408606777 12.8552794321124
"938" 0.756901203819012 0.180227471566054 5.22227122832594 12.8190409376135
"939" 0.755811540058115 0.179352580927384 5.20274375929667 12.7499202249858
"940" 0.754721876297219 0.178477690288714 5.17515183639012 12.7668847024506
"941" 0.753632212536322 0.177602799650044 5.15788123301631 12.7630446457393
"942" 0.752542548775425 0.176727909011374 5.15147807431259 12.780077255376
"943" 0.751452885014529 0.175853018372703 5.14794221821196 12.7131225444325
"944" 0.750363221253632 0.174978127734033 5.14594640354264 12.6601487028893
"945" 0.749273557492736 0.174103237095363 5.1446828792882 12.5833182604904
"946" 0.748183893731839 0.173228346456693 5.14773868033065 12.5560324545722
"947" 0.747042341220423 0.172353455818023 5.11886602965359 12.5736911830574
"948" 0.745900788709008 0.171478565179353 5.09690661731244 12.5721056758852
"949" 0.744759236197592 0.170603674540682 5.0766771807689 12.5855497710883
"950" 0.743617683686177 0.169728783902012 5.06862367258357 12.599301972018
"951" 0.742476131174761 0.168853893263342 5.0533385384563 12.5321570485367
"952" 0.741334578663346 0.167979002624672 5.04375253739666 12.5455253985453
"953" 0.74019302615193 0.167104111986002 5.03126949935636 12.5554777056563
"954" 0.739051473640515 0.166229221347332 5.02561552293177 12.5295265177861
"955" 0.737909921129099 0.165354330708661 5.03184318213327 12.4646614138776
"956" 0.736716479867165 0.164479440069991 5.00403731139356 12.4758463812912
"957" 0.73552303860523 0.163604549431321 4.9770590124388 12.4944668022273
"958" 0.734329597343296 0.162729658792651 4.96719584721252 12.508909163598
"959" 0.733136156081362 0.161854768153981 4.96457219614223 12.4092998698106
"960" 0.731942714819427 0.160979877515311 4.94858282800344 12.3284293225785
"961" 0.730749273557493 0.16010498687664 4.94548609325343 12.263840393308
"962" 0.729503943545039 0.15923009623797 4.937645002973 12.2005330367988
"963" 0.728258613532586 0.1583552055993 4.91419115986678 12.2141899383305
"964" 0.727013283520133 0.15748031496063 4.90717292030544 12.2333991709705
"965" 0.725716064757161 0.15660542432196 4.87994595087025 12.2392455646557
"966" 0.724418845994188 0.15573053368329 4.85988136913403 12.1813181193964
"967" 0.723121627231216 0.154855643044619 4.85506893782038 12.1974624352812
"968" 0.721824408468244 0.153980752405949 4.84092063790017 12.1994702653008
"969" 0.720475300954753 0.153105861767279 4.81983432543726 12.2160922070473
"970" 0.719126193441262 0.152230971128609 4.79268434429382 12.1309677433823
"971" 0.717777085927771 0.151356080489939 4.79307419419615 12.1518891025472
"972" 0.716376089663761 0.150481189851269 4.77074608875752 12.1643709725249
"973" 0.714975093399751 0.149606299212598 4.74893239479829 12.1792759304497
"974" 0.713574097135741 0.148731408573928 4.73579085629002 12.1216159108917
"975" 0.712173100871731 0.147856517935258 4.73512802516928 12.0761841549949
"976" 0.710772104607721 0.146981627296588 4.7374415729406 11.9642418799462
"977" 0.709319219593192 0.146106736657918 4.7114201287302 11.9085878792933
"978" 0.707866334578663 0.145231846019248 4.69347853641963 11.9309775919908
"979" 0.706413449564135 0.144356955380577 4.67845161909013 11.8866035071242
"980" 0.704960564549606 0.143482064741907 4.66463005965018 11.8343451620191
"981" 0.703507679535077 0.142607174103237 4.6459135290859 11.8054463963849
"982" 0.702054794520548 0.141732283464567 4.62173089023819 11.6922243495427
"983" 0.700601909506019 0.140857392825897 4.62509398199694 11.6734226933592
"984" 0.69914902449149 0.139982502187227 4.63262720386839 11.6900218857478
"985" 0.697644250726443 0.139107611548556 4.60393030196968 11.599189916097
"986" 0.696087588210876 0.138232720909886 4.56822176468397 11.6171009906124
"987" 0.694530925695309 0.137357830271216 4.54316694594793 11.5193252407714
"988" 0.692974263179743 0.136482939632546 4.52624490782893 11.4677548820753
"989" 0.691417600664176 0.135608048993876 4.52177075666357 11.4913220600462
"990" 0.689757160647572 0.134733158355206 4.50994789129406 11.4156857704315
"991" 0.688044831880448 0.133858267716535 4.48766529735981 11.3154938867609
"992" 0.686332503113325 0.132983377077865 4.47692974019707 11.2425968333706
"993" 0.684568285595683 0.132108486439195 4.44188514704987 11.1914691827811
"994" 0.682804068078041 0.131233595800525 4.40661797347419 11.1998158862946
"995" 0.681039850560399 0.130358705161855 4.39798816342343 11.1011324675921
"996" 0.679223744292237 0.129483814523185 4.37528155426647 11.0537112003104
"997" 0.677407638024076 0.128608923884514 4.36793974606362 11.0230674277117
"998" 0.675591531755915 0.127734033245844 4.35072913092747 11.0368352926162
"999" 0.673723536737235 0.126859142607174 4.33291014956703 11.0646638562741
"1000" 0.671855541718555 0.125984251968504 4.31391711671025 11.0213993842265
"1001" 0.669935657949357 0.125109361329834 4.25912072399243 11.0426510982518
"1002" 0.668015774180158 0.124234470691164 4.2092362907427 11.0715137742372
"1003" 0.666095890410959 0.123359580052493 4.21034844389572 11.0865010016578
"1004" 0.66417600664176 0.122484689413823 4.20361868342502 10.9806690093435
"1005" 0.662152345371523 0.121609798775153 4.15700244900424 11.0111717984168
"1006" 0.660076795350768 0.120734908136483 4.1406190311076 10.9330376178719
"1007" 0.657949356579494 0.119860017497813 4.12016607991444 10.8924785048648
"1008" 0.655821917808219 0.118985126859143 4.10598338818499 10.9245689881862
"1009" 0.653694479036945 0.118110236220472 4.07771129740096 10.8900370202299
"1010" 0.651515151515151 0.117235345581802 4.03380246855174 10.8615137357487
"1011" 0.649335823993358 0.116360454943132 3.99624799232863 10.8859594895486
"1012" 0.647156496471565 0.115485564304462 3.9817396017216 10.856980246244
"1013" 0.644977168949772 0.114610673665792 3.95819637718267 10.8902862132868
"1014" 0.642797841427978 0.113735783027122 3.93856116930213 10.9238180199511
"1015" 0.640618513906185 0.112860892388451 3.93840061591854 10.904034301081
"1016" 0.638387297633873 0.111986001749781 3.92060889856956 10.9386497180481
"1017" 0.636156081361561 0.111111111111111 3.92338029730274 10.7784168058401
"1018" 0.633924865089249 0.110236220472441 3.9336696770837 10.7004336492353
"1019" 0.631641760066418 0.109361329833771 3.91892390385425 10.6761730913812
"1020" 0.629358655043587 0.108486439195101 3.9030226177575 10.7112750466966
"1021" 0.627075550020756 0.10761154855643 3.88967816782946 10.5522950954757
"1022" 0.624792444997924 0.10673665791776 3.86567378322282 10.4787260330228
"1023" 0.622509339975093 0.10586176727909 3.85097050112501 10.3244135158649
"1024" 0.620226234952262 0.10498687664042 3.83418504648743 10.2036021578343
"1025" 0.617891241178912 0.10411198600175 3.7908655101952 10.1971598904796
"1026" 0.615504358655044 0.10323709536308 3.75009357199795 10.1713042607996
"1027" 0.613117476131175 0.102362204724409 3.74351982458322 10.1010930579586
"1028" 0.610678704856787 0.101487314085739 3.70052664356504 9.94329480327736
"1029" 0.608239933582399 0.100612423447069 3.6818747760302 9.81555922574956
"1030" 0.605749273557493 0.0997375328083989 3.64950720283617 9.69344617748543
"1031" 0.603258613532586 0.0988626421697288 3.6407641671307 9.71954073760925
"1032" 0.60076795350768 0.0979877515310586 3.65171223070146 9.60411719382606
"1033" 0.598225404732254 0.0971128608923885 3.64173747789896 9.49481333373185
"1034" 0.595682855956829 0.0962379702537183 3.65301318664609 9.36667026197537
"1035" 0.593088418430884 0.0953630796150481 3.61880169103185 9.24462888675694
"1036" 0.59049398090494 0.094488188976378 3.58129041096459 9.13008629616766
"1037" 0.587899543378995 0.0936132983377078 3.56633194640357 9.02427395112053
"1038" 0.585305105853051 0.0927384076990376 3.5676191817907 9.00032425180637
"1039" 0.582658779576588 0.0918635170603675 3.53128239800059 8.98494894894591
"1040" 0.580012453300125 0.0909886264216973 3.50146196215506 8.97822063927402
"1041" 0.577366127023661 0.0901137357830271 3.48138359933141 9.01478838013885
"1042" 0.574719800747198 0.089238845144357 3.48104689467228 8.98805062514181
"1043" 0.572021585720216 0.0883639545056868 3.45212872185335 8.91287671848573
"1044" 0.569271481942715 0.0874890638670166 3.44094536538268 8.79842303905154
"1045" 0.566521378165214 0.0866141732283465 3.41917222206785 8.83627946157121
"1046" 0.563719385637194 0.0857392825896763 3.39015653544943 8.87523004063277
"1047" 0.560865504358655 0.0848643919510061 3.33647555531603 8.69028683292112
"1048" 0.558011623080116 0.083989501312336 3.32372818385454 8.72961785168722
"1049" 0.555105853051059 0.0831146106736658 3.31414499376922 8.65899915844842
"1050" 0.552148194271482 0.0822397200349956 3.2681343762614 8.54595260467387
"1051" 0.549190535491905 0.0813648293963255 3.2495218542139 8.58659123831582
"1052" 0.54618098796181 0.0804899387576553 3.21756109405139 8.58923205997441
"1053" 0.543067662930677 0.0796150481189851 3.2187135811581 8.57974401416823
"1054" 0.539902449149025 0.078740157480315 3.23172093612693 8.46169309960026
"1055" 0.536685346616854 0.0778652668416448 3.17274806586617 8.47629303864073
"1056" 0.533468244084682 0.0769903762029746 3.13900758147762 8.3654876391252
"1057" 0.530251141552511 0.0761154855643045 3.12443457026297 8.26529187416681
"1058" 0.526982150269822 0.0752405949256343 3.10557838433919 8.24205572187167
"1059" 0.523713158987132 0.0743657042869641 3.09217794993119 8.12888296743826
"1060" 0.520444167704442 0.073490813648294 3.07798001342548 8.02671194083974
"1061" 0.517071398920714 0.0726159230096238 3.02677372078388 7.93475548201831
"1062" 0.513698630136986 0.0717410323709536 3.02583975857712 7.71926049626101
"1063" 0.51027397260274 0.0708661417322835 2.96666653515213 7.74395747465026
"1064" 0.506849315068493 0.0699912510936133 2.97995482255181 7.66101352635199
"1065" 0.503320880033209 0.0691163604549431 2.93287386874534 7.44709859897463
"1066" 0.499740556247406 0.068241469816273 2.92923221872856 7.41165338232225
"1067" 0.496160232461602 0.0673665791776028 2.92747898077006 7.45792028081422
"1068" 0.49252801992528 0.0664916885389326 2.86993859466351 7.38314153881703
"1069" 0.488895807388958 0.0656167979002625 2.84272815737094 7.30230896540796
"1070" 0.485263594852636 0.0647419072615923 2.80725331174172 7.34948193670592
"1071" 0.481631382316314 0.0638670166229221 2.8054832909032 7.24078564219087
"1072" 0.477947281029473 0.062992125984252 2.74234316896597 7.17207768036196
"1073" 0.474263179742632 0.0621172353455818 2.71256447843612 6.95082757721384
"1074" 0.470527189705272 0.0612423447069116 2.66556950209547 6.89437082640787
"1075" 0.466739310917393 0.0603674540682415 2.59651578808972 6.79267584423592
"1076" 0.462951432129514 0.0594925634295713 2.6095785153404 6.57526455642914
"1077" 0.459111664591117 0.0586176727909011 2.60423436249212 6.5307034596614
"1078" 0.4552200083022 0.057742782152231 2.55286201125128 6.43915278950019
"1079" 0.451328352013284 0.0568678915135608 2.5165824071811 6.40981951562495
"1080" 0.447436695724367 0.0559930008748906 2.50639770263051 6.3775793558489
"1081" 0.44354503943545 0.0551181102362205 2.50056876316745 6.2996289268141
"1082" 0.439601494396015 0.0542432195975503 2.47511940660588 6.27167139119526
"1083" 0.435657949356579 0.0533683289588801 2.46117633476952 6.2546326986603
"1084" 0.431714404317144 0.05249343832021 2.45502146113859 6.30263174734999
"1085" 0.42771897052719 0.0516185476815398 2.39605405259561 6.07389443539922
"1086" 0.423723536737235 0.0507436570428696 2.31605261548332 6.05816082399845
"1087" 0.419728102947281 0.0498687664041995 2.30102506396256 6.10630996276071
"1088" 0.415732669157327 0.0489938757655293 2.31352867478696 6.08937331362776
"1089" 0.411737235367372 0.0481189851268591 2.30661844777159 6.0030793929075
"1090" 0.407741801577418 0.047244094488189 2.29874194317258 5.77916841183612
"1091" 0.403694479036945 0.0463692038495188 2.2588935525584 5.77493984126441
"1092" 0.399595267745953 0.0454943132108486 2.21589814442318 5.82392312232659
"1093" 0.395496056454961 0.0446194225721785 2.22850060485475 5.60797130212893
"1094" 0.391241178912412 0.0437445319335083 2.24186095626034 5.40384501477396
"1095" 0.386934412619344 0.0428696412948381 2.16950480506005 5.32411537091834
"1096" 0.382627646326276 0.041994750656168 2.11927820059307 5.24103768672808
"1097" 0.378320880033209 0.0411198600174978 2.04514624052172 5.17858271702587
"1098" 0.373858447488584 0.0402449693788276 2.05762126851406 5.17568145392228
"1099" 0.369344126193441 0.0393700787401575 2.07054808087157 5.19733574552301
"1100" 0.364777916147779 0.0384951881014873 2.08394896723241 5.19374968537872
"1101" 0.360159817351598 0.0376202974628171 2.07191808984836 5.15155367399334
"1102" 0.355541718555417 0.036745406824147 2.08584113567388 4.93609861130555
"1103" 0.350871731008717 0.0358705161854768 2.10029332470237 4.70708246130218
"1104" 0.346149854711499 0.0349956255468067 2.11530257257344 4.72457609148858
"1105" 0.341376089663761 0.0341207349081365 2.03000823553719 4.77666014687952
"1106" 0.336550435865504 0.0332458442694663 1.99915479501871 4.78735626979268
"1107" 0.33162100456621 0.0323709536307962 2.01400688475846 4.71091755815398
"1108" 0.326587795765878 0.031496062992126 1.95095830742115 4.66241178765923
"1109" 0.321450809464508 0.0306211723534558 1.88942778625077 4.6440297597079
"1110" 0.315846824408468 0.0297462817147857 1.90520866368055 4.39196589408254
"1111" 0.310190950601909 0.0288713910761155 1.83079842304909 4.45381338194721
"1112" 0.304379410543794 0.0279965004374453 1.79868827156352 4.19507862010712
"1113" 0.298464092984641 0.0271216097987752 1.76004154649078 4.2584025009646
"1114" 0.292237442922374 0.026246719160105 1.67877482083125 4.27558088178266
"1115" 0.285958904109589 0.0253718285214348 1.63793310838625 4.02910596744552
"1116" 0.279680365296804 0.0244969378827647 1.65225405571737 3.75706509812227
"1117" 0.272986716479867 0.0236220472440945 1.61219955046015 3.71666370716464
"1118" 0.266189290161893 0.0227471566054243 1.56241360402002 3.7860366010513
"1119" 0.259288086342881 0.0218722659667542 1.51112478667506 3.79769513154594
"1120" 0.252386882523869 0.020997375328084 1.46006898771668 3.73413598740191
"1121" 0.245226234952262 0.0201224846894138 1.41043049814338 3.67652813792686
"1122" 0.238013698630137 0.0192475940507437 1.3405351746832 3.40306458860678
"1123" 0.230749273557493 0.0183727034120735 1.2795717829468 3.47871762265332
"1124" 0.222810294728103 0.0174978127734033 1.28953323678724 3.14571833352619
"1125" 0.214508094645081 0.0166229221347332 1.21416145419935 2.87988630724867
"1126" 0.206102117061021 0.015748031496063 1.22289613586609 2.56642822587252
"1127" 0.197592361975924 0.0148731408573928 1.23249565432251 2.63388994568425
"1128" 0.188667496886675 0.0139982502187227 1.24349379858639 2.39275095773534
"1129" 0.179068078040681 0.0131233595800525 1.25654692890759 2.35341183229668
"1130" 0.169261104192611 0.0122484689413823 1.2714112359473 2.43182839768726
"1131" 0.159402241594022 0.0113735783027122 1.16321130141602 2.5203854925963
"1132" 0.149335823993358 0.010498687664042 1.17421303611884 2.46062580230646
"1133" 0.139217517642175 0.00962379702537183 1.1868748110138 2.24996292541664
"1134" 0.128891656288917 0.00874890638670166 1.20184586068842 1.80745531040786
"1135" 0.118358239933582 0.0078740157480315 1.21980934587901 1.8793156471079
"1136" 0.107461602324616 0.00699912510936133 1.24209807723323 1.96847850847567
"1137" 0.0960979659609797 0.00612423447069116 1.27072630558857 1.83133985435942
"1138" 0.08442299709423 0.005249343832021 1 1.33548592459052
"1139" 0.0726442507264425 0.00437445319335083 1 1
"1140" 0.0605541718555417 0.00349956255468067 1 1
"1141" 0.0476338729763387 0.0026246719160105 1 1
"1142" 0.0329493565794936 0.00174978127734033 1 1
"1143" 0.0177459526774595 0.000874890638670166 1 1
