"V1" "V2" "V3"
"1" 221 19272 0.355766249288832
"2" 220 19195.29 0.356014172939763
"3" 219 19128.98 0.356315967778353
"4" 218 18997.02 0.356501670951993
"5" 217 18897.53 0.357583833223883
"6" 216 18776.9 0.358113536890754
"7" 215 18729.73 0.358222480867697
"8" 214 18654.37 0.357717193822159
"9" 213 18584.36 0.357780095422263
"10" 212 18509.47 0.358172525827628
"11" 211 18416.32 0.358633420776036
"12" 210 18318.46 0.359385232032353
"13" 209 18288.22 0.359299976514775
"14" 208 18169.71 0.359898151232065
"15" 207 18089.02 0.359529418447538
"16" 206 17985.72 0.359895459559881
"17" 205 17885.11 0.360552487560326
"18" 204 17828.19 0.36053721913127
"19" 203 17764.6 0.360522463289899
"20" 202 17711.51 0.360349270650413
"21" 201 17631.51 0.360616612230537
"22" 200 17584.26 0.360795003580052
"23" 199 17532.08 0.360669667103719
"24" 198 17414.11 0.361347224492228
"25" 197 17337.62 0.361629069580304
"26" 196 17238.84 0.361974925022975
"27" 195 17143.49 0.362285018035499
"28" 194 17097.56 0.362172373657712
"29" 193 17018.64 0.362069130122281
"30" 192 16955.41 0.362286768862359
"31" 191 16876.11 0.362565536358255
"32" 190 16775.23 0.363214740399169
"33" 189 16716.65 0.363361987677825
"34" 188 16630.16 0.363103241760601
"35" 187 16601.02 0.362948668864734
"36" 186 16502.27 0.363801448431345
"37" 185 16457.5 0.363487939703439
"38" 184 16334.09 0.363945779875655
"39" 183 16257.41 0.364385591586524
"40" 182 16200.42 0.364468281303363
"41" 181 16159.14 0.364473239607646
"42" 180 16099.19 0.364767789976139
"43" 179 16018.09 0.364937118571273
"44" 178 15937.66 0.364810318431269
"45" 177 15879.65 0.364756679375708
"46" 176 15831.11 0.36465344770204
"47" 175 15724.91 0.365202423143221
"48" 174 15645.03 0.365169507337955
"49" 173 15596.26 0.365308098130645
"50" 172 15517.79 0.365052890360928
"51" 171 15447.61 0.365081634221118
"52" 170 15310.13 0.364880125909301
"53" 169 15241.11 0.364933528413661
"54" 168 15113.96 0.365641257407973
"55" 167 14970.81 0.366109702662208
"56" 166 14889.16 0.366663238037701
"57" 165 14816.47 0.367035744435115
"58" 164 14710.28 0.367766541808996
"59" 163 14671.63 0.367634482687546
"60" 162 14622.39 0.367486145301685
"61" 161 14471.97 0.368321089373505
"62" 160 14431.78 0.368156259626444
"63" 159 14313.88 0.3683555278946
"64" 158 14217.07 0.368969252067636
"65" 157 14128.66 0.369433471144508
"66" 156 14022.91 0.369209523275239
"67" 155 13953.8 0.369719896042715
"68" 154 13858.59 0.370477361015112
"69" 153 13725.72 0.371730903914582
"70" 152 13646.67 0.372255960773335
"71" 151 13569.59 0.37239479510446
"72" 150 13504.3 0.372494401513198
"73" 149 13445.01 0.372422334174799
"74" 148 13358.23 0.372584896930477
"75" 147 13242.18 0.373395420620877
"76" 146 13115.29 0.375665089973811
"77" 145 13016.34 0.375705005235775
"78" 144 12903.04 0.376602554285552
"79" 143 12804.7 0.377489226618616
"80" 142 12688.02 0.378524411643655
"81" 141 12582 0.379587603031969
"82" 140 12499.7 0.379678129582026
"83" 139 12413.03 0.380530282324432
"84" 138 12372.05 0.380413035109625
"85" 137 12292.3 0.38107700947158
"86" 136 12255.44 0.380880958238277
"87" 135 12110.59 0.382810550787903
"88" 134 12004.08 0.383887565791893
"89" 133 11930.65 0.383576852848544
"90" 132 11836.08 0.384626264563361
"91" 131 11779.12 0.385087346403308
"92" 130 11706.73 0.385754336347938
"93" 129 11614.85 0.386499249184709
"94" 128 11533.46 0.386760353150383
"95" 127 11425.87 0.386916948612438
"96" 126 11371.25 0.387473742498644
"97" 125 11243.17 0.389173007834605
"98" 124 11108.48 0.389765031645715
"99" 123 11057.25 0.390126932580161
"100" 122 10966.23 0.391082363370911
"101" 121 10782.86 0.393533109312108
"102" 120 10694.03 0.394050074981
"103" 119 10612.59 0.394606842425533
"104" 118 10522.48 0.395420007898797
"105" 117 10471.29 0.396011905023982
"106" 116 10403.98 0.396666851352452
"107" 115 10315.47 0.397430793612004
"108" 114 10228.07 0.397633034553393
"109" 113 10105.02 0.39842027962665
"110" 112 10003.61 0.399151300784258
"111" 111 9901.14 0.399970646069205
"112" 110 9782.56 0.400833573352588
"113" 109 9729.07 0.400375681672923
"114" 108 9586.93 0.401965336240546
"115" 107 9502.36 0.402889746599666
"116" 106 9391.61 0.403473506116559
"117" 105 9342.02 0.403456212070781
"118" 104 9286.72 0.403623242978397
"119" 103 9212.69 0.404148994193296
"120" 102 9110.58 0.405508255106516
"121" 101 8982.38 0.405903931990465
"122" 100 8895.4 0.407055982540418
"123" 99 8843.22 0.407419549384554
"124" 98 8769.62 0.408632116275009
"125" 97 8660.39 0.408828443340272
"126" 96 8593.44 0.408616899929581
"127" 95 8521.81 0.40915164152718
"128" 94 8458.72 0.409344671107594
"129" 93 8375.6 0.4094619220945
"130" 92 8244.1 0.411470517155831
"131" 91 8098.25 0.413108565373962
"132" 90 8024.95 0.413807934148605
"133" 89 7969.93 0.414835011982171
"134" 88 7842.85 0.416777708653139
"135" 87 7762.18 0.416349310926224
"136" 86 7588.59 0.417155856190164
"137" 85 7484.27 0.418824497092626
"138" 84 7414.01 0.420394369091026
"139" 83 7278.7 0.423068858607483
"140" 82 7144.83 0.424243356253368
"141" 81 7078.98 0.425795184815787
"142" 80 6995.76 0.426381565512483
"143" 79 6930.96 0.426584942785317
"144" 78 6822.3 0.42779567309343
"145" 77 6718.1 0.430299461565007
"146" 76 6673.24 0.430728049490526
"147" 75 6573.21 0.433104039515524
"148" 74 6450.86 0.436586821015287
"149" 73 6411.52 0.43711610545971
"150" 72 6370.69 0.436240616893204
"151" 71 6313.65 0.437541063314884
"152" 70 6249.18 0.439126924982629
"153" 69 6196.53 0.439701657312852
"154" 68 6126.46 0.439663283587536
"155" 67 5992.54 0.442716195675303
"156" 66 5926.38 0.444225486706655
"157" 65 5807.52 0.448814943671705
"158" 64 5733.47 0.450995658268507
"159" 63 5668.7 0.452284690974778
"160" 62 5592.77 0.455094817052918
"161" 61 5501.45 0.455165556384603
"162" 60 5427.09 0.45537397097673
"163" 59 5365.16 0.457241392551174
"164" 58 5306.19 0.459001900491771
"165" 57 5218.44 0.461052285576995
"166" 56 5137.94 0.462218924884993
"167" 55 5013.02 0.465220978315532
"168" 54 4966.99 0.466765328448354
"169" 53 4898.57 0.469701907304015
"170" 52 4833.74 0.471692781567275
"171" 51 4777.54 0.47410944701944
"172" 50 4683.72 0.475139138580247
"173" 49 4596.17 0.478036891243118
"174" 48 4536.7 0.478900176441647
"175" 47 4461.87 0.480100006550153
"176" 46 4342.21 0.484961120198258
"177" 45 4276.43 0.484394040924354
"178" 44 4221.19 0.484571464097084
"179" 43 4145.83 0.487974197039137
"180" 42 4038.61 0.490881099773718
"181" 41 3964.77 0.490963437590061
"182" 40 3873.27 0.492872552995768
"183" 39 3781.28 0.4940252135845
"184" 38 3665.86 0.498937952305445
"185" 37 3602.94 0.499519238954289
"186" 36 3462.85 0.506163839405576
"187" 35 3332.49 0.51094353954364
"188" 34 3238.24 0.515012078397472
"189" 33 3110.48 0.516063247676064
"190" 32 3081.34 0.517348092558519
"191" 31 3007.34 0.518509404463762
"192" 30 2890.07 0.522817346089915
"193" 29 2788.21 0.527900411807722
"194" 28 2731.46 0.53084609340355
"195" 27 2635.18 0.536124717965458
"196" 26 2564.88 0.540391945040586
"197" 25 2483.17 0.54413075378019
"198" 24 2342.54 0.545617581561952
"199" 23 2235.74 0.551246833456381
"200" 22 2162.08 0.554363029407559
"201" 21 2068.08 0.558126780563896
"202" 20 2006.59 0.559426811949946
"203" 19 1898.93 0.573096167985018
"204" 18 1832.58 0.579145513598047
"205" 17 1702.56 0.586564442214454
"206" 16 1587.65 0.597446911309481
"207" 15 1485.48 0.603767396351194
"208" 14 1407.5 0.609097698490137
"209" 13 1358.49 0.615021745428558
"210" 12 1201.68 0.636189704987842
"211" 11 1075.43 0.654196597168364
"212" 10 989.68 0.669375651651228
"213" 9 921.86 0.682927796783624
"214" 8 874.65 0.700985865454723
"215" 7 744.28 0.733490779187045
"216" 6 640.87 0.757440800778221
"217" 5 518.54 0.786131582565404
"218" 4 400.37 0.829682111050427
"219" 3 247.18 0.870152305944909
"220" 2 180.45 NA
"221" 0 0 0
