"Arthropod species [row]" "Individuals" "Generality" "Vulner"
"1" 221 19272 12.2658022310104 14.860982132006
"2" 220.94 19259.72 12.2555883783966 14.8494061579882
"3" 220.86 19243.48 12.2449289995531 14.836250991214
"4" 220.78 19230.76 12.2337665995348 14.8289285454268
"5" 220.72 19209.35 12.2231263553252 14.8151869321732
"6" 220.62 19197.31 12.2146272931702 14.8098002949887
"7" 220.49 19184.22 12.2041143449587 14.7991096249122
"8" 220.4 19167.7 12.1920761766362 14.783865430677
"9" 220.35 19150.77 12.1819061034438 14.7759175010904
"10" 220.2 19133.39 12.1731238169719 14.7673224531572
"11" 220.15 19114.52 12.1633509372711 14.7504774686285
"12" 220.11 19098.14 12.1525566878711 14.7377163132277
"13" 220.03 19083.03 12.1425649354822 14.7225654893096
"14" 219.94 19063.01 12.1328240169028 14.7090164329256
"15" 219.89 19047.13 12.1227133447079 14.7051415253629
"16" 219.84 19027.06 12.1129812660467 14.6909940925461
"17" 219.74 19006.56 12.1027391685326 14.6750673922745
"18" 219.69 18984.05 12.0959487915659 14.6639695231053
"19" 219.6 18964.97 12.0868956724698 14.6538264482973
"20" 219.52 18948.43 12.0770254619003 14.6449413776269
"21" 219.44 18929.1 12.0680164474212 14.6310559014049
"22" 219.33 18916.83 12.0584851575229 14.6206865147394
"23" 219.2 18905.71 12.0474134840814 14.608111597628
"24" 219.11 18890.56 12.0375811548467 14.5959504972371
"25" 218.97 18868.78 12.0275341796535 14.5762642045733
"26" 218.86 18854.24 12.0191748855914 14.5634249684089
"27" 218.8 18837.81 12.0091917906265 14.5513348941005
"28" 218.7 18826.64 11.9985299332918 14.5425493045272
"29" 218.59 18804.67 11.9926718212868 14.5312036445007
"30" 218.54 18783.47 11.9830411067374 14.5180707188429
"31" 218.48 18761.63 11.972987115695 14.5053508964346
"32" 218.39 18742.36 11.9629598051563 14.4895773317332
"33" 218.3 18726.76 11.9515704784694 14.4776187914039
"34" 218.21 18704.34 11.9430414116657 14.465044918796
"35" 218.18 18692.1 11.9345084767457 14.453690577421
"36" 218.11 18679.2 11.9242011277276 14.4440891132717
"37" 218.02 18667.38 11.9137801308008 14.4371333946423
"38" 217.94 18650.58 11.9065928600431 14.4315915102374
"39" 217.81 18640.05 11.8978356703679 14.4222043935839
"40" 217.71 18621.21 11.8873835468037 14.4081035651036
"41" 217.63 18608.06 11.8765889907719 14.3963888278051
"42" 217.58 18591.49 11.8684263293698 14.3830158955544
"43" 217.49 18574.23 11.8611978076214 14.3680299747884
"44" 217.45 18553.96 11.8493295136776 14.3525672791601
"45" 217.37 18539.8 11.836839749314 14.3435916101686
"46" 217.28 18523.22 11.8238106696286 14.332416994191
"47" 217.16 18504.04 11.818887398723 14.3256320876766
"48" 217.09 18487.34 11.8093104919564 14.3167388449322
"49" 217.02 18470.28 11.8013359911293 14.307279430232
"50" 216.97 18452.37 11.7919669457954 14.2980786628071
"51" 216.88 18431.07 11.7812266713254 14.2850757520291
"52" 216.8 18419.29 11.7715362126526 14.2732627211825
"53" 216.7 18406.09 11.7604743159688 14.2633627952819
"54" 216.65 18381.89 11.7528138685951 14.2414763542564
"55" 216.57 18366.19 11.7430586763215 14.2330081974948
"56" 216.48 18350.33 11.7339352785226 14.2185072615666
"57" 216.4 18330.33 11.7247770216407 14.2077922329178
"58" 216.3 18314.48 11.715878957322 14.1920732606534
"59" 216.21 18300.99 11.7054190522781 14.1842020998559
"60" 216.14 18280.23 11.6966153797143 14.1761570839594
"61" 216.07 18263.41 11.6884227195578 14.1618285479811
"62" 216.01 18243.73 11.6817059909024 14.152002580212
"63" 215.95 18226.19 11.6721399874304 14.1375006887854
"64" 215.84 18207.16 11.6632516663126 14.121191340966
"65" 215.77 18191.76 11.6500522821034 14.103211135426
"66" 215.74 18177.96 11.6382357303139 14.0926809654163
"67" 215.65 18164.05 11.6268831676258 14.0858880243339
"68" 215.53 18150.6 11.6173191107414 14.0765285960908
"69" 215.47 18124.49 11.614532747439 14.059564971907
"70" 215.32 18111.12 11.6060495075204 14.0541618261561
"71" 215.25 18094.6 11.5949400233937 14.0391938625785
"72" 215.08 18074.3 11.5857469128968 14.0240818817544
"73" 215.02 18056.71 11.5754021941674 14.0153316814825
"74" 214.95 18040.41 11.5645401144552 14.0039150098671
"75" 214.88 18028.47 11.5544222466424 13.9943384952209
"76" 214.8 18004.89 11.543967066122 13.9791939470727
"77" 214.61 17989.57 11.5358067250264 13.970886308743
"78" 214.54 17972.33 11.5292882602276 13.9606708274036
"79" 214.45 17949.69 11.5224573984993 13.9445293320322
"80" 214.37 17935.29 11.5122907880947 13.9302207633677
"81" 214.23 17916.92 11.5027872501618 13.9211899517422
"82" 214.19 17898.07 11.4954854913907 13.9087017773092
"83" 214.11 17884.67 11.4845183885577 13.8924097136035
"84" 214.01 17871.84 11.4745350732903 13.8822550278882
"85" 213.96 17854.86 11.4638883940371 13.8701669267896
"86" 213.88 17835.86 11.4542543202093 13.8538792210949
"87" 213.8 17823.57 11.4420511295156 13.8418760136742
"88" 213.72 17809.48 11.4316687554454 13.832421347939
"89" 213.69 17786.64 11.4210796923456 13.8145138806812
"90" 213.53 17771.82 11.4100228227663 13.8070584668362
"91" 213.41 17752.5 11.4030609412678 13.7994307161134
"92" 213.34 17737.84 11.3918647189192 13.7840980921808
"93" 213.26 17719.59 11.3807021929497 13.7599459320081
"94" 213.17 17708.7 11.3695505708122 13.7493433520287
"95" 213.06 17691.47 11.357540074336 13.7295973452153
"96" 212.94 17672.61 11.3454323533605 13.7182578599801
"97" 212.89 17653.28 11.335977735143 13.7048315589228
"98" 212.83 17633.12 11.3291038415723 13.6908519971518
"99" 212.72 17613.25 11.3203803652343 13.6776278019235
"100" 212.62 17596.53 11.3120908362594 13.6647521941244
"101" 212.53 17579.36 11.303161604237 13.6488444423663
"102" 212.39 17563.85 11.2948329174216 13.6420414716913
"103" 212.29 17546.16 11.2849067717521 13.629494263373
"104" 212.2 17528.31 11.2768303123477 13.6171887978786
"105" 212.08 17508.04 11.2678579127867 13.6059877322898
"106" 212.03 17491.34 11.2588060575605 13.594004844064
"107" 211.93 17478.85 11.2484004069358 13.5837718300421
"108" 211.81 17465.37 11.2381768506675 13.5689586790915
"109" 211.7 17452.99 11.2270199648669 13.5544228403319
"110" 211.65 17433.11 11.2168249289484 13.5367114302417
"111" 211.54 17417.82 11.2065755235693 13.5277713399576
"112" 211.41 17403.32 11.1973176158962 13.5139076869406
"113" 211.34 17380.55 11.1880391316492 13.4975355438239
"114" 211.28 17360.35 11.1793649008269 13.4812139514732
"115" 211.18 17346.16 11.1688522920669 13.4697873260636
"116" 211.08 17328.36 11.1590900444073 13.4537769311648
"117" 210.97 17313.35 11.1495950808885 13.4407950305462
"118" 210.91 17293.9 11.1390017301191 13.432641986489
"119" 210.82 17279.79 11.1298242196182 13.4205727547934
"120" 210.71 17265.93 11.1189153500582 13.4107329665733
"121" 210.58 17251.72 11.1109343695235 13.3989926744734
"122" 210.44 17237.12 11.101739177144 13.3856460196858
"123" 210.36 17225.2 11.0943428091301 13.3789327756664
"124" 210.25 17200.56 11.0883060456585 13.3659861649752
"125" 210.1 17177.29 11.0791276297043 13.3558610434494
"126" 209.95 17160.62 11.068782343064 13.3410043010055
"127" 209.88 17144.76 11.0567250761703 13.3348980625152
"128" 209.75 17128.54 11.0470483220486 13.3215916255485
"129" 209.67 17114.98 11.0384902502963 13.3099901079271
"130" 209.6 17090.12 11.0295432816397 13.2907017300312
"131" 209.53 17074.72 11.0196540772162 13.2746076080277
"132" 209.41 17052.95 11.0115409388647 13.2670674608981
"133" 209.3 17033.69 11.0012438304796 13.2623567272479
"134" 209.21 17017.24 10.994874154009 13.2566732102
"135" 209.14 17000.7 10.98289294815 13.240954010501
"136" 209 16985.03 10.9731752511947 13.224673847093
"137" 208.92 16969.67 10.9635064194057 13.2098952348794
"138" 208.82 16957.39 10.9552662798997 13.2023513652185
"139" 208.76 16944.02 10.9444721448134 13.1907841403458
"140" 208.69 16929.58 10.935168220963 13.1767023377277
"141" 208.53 16913.81 10.9281771490706 13.1704877711626
"142" 208.38 16899.71 10.9177726413721 13.1600547039068
"143" 208.31 16883.52 10.9085303882401 13.1490550604003
"144" 208.24 16871.79 10.8977226739216 13.1414508985922
"145" 208.16 16856.96 10.8881573346025 13.1294888146283
"146" 208.03 16835.89 10.8799934082243 13.1196052649924
"147" 207.95 16817.63 10.8707272420162 13.110664488415
"148" 207.83 16801.43 10.8592202673951 13.0962953665522
"149" 207.68 16783.99 10.8497825438017 13.0836560658074
"150" 207.61 16771.12 10.8384550527517 13.0698441371092
"151" 207.55 16751.91 10.8261514095888 13.0550436456053
"152" 207.44 16739.48 10.8168903097864 13.0459863183024
"153" 207.31 16721 10.8096073137537 13.0377836999686
"154" 207.26 16699.7 10.8012696489256 13.0221920396598
"155" 207.17 16685.36 10.7907466108352 13.0110392568738
"156" 207.1 16666.03 10.7820348464599 13.0022438610666
"157" 206.97 16643.07 10.7725555318428 12.9908423649738
"158" 206.82 16625.11 10.7659194862167 12.982922492403
"159" 206.68 16604.47 10.7550546730508 12.970472272942
"160" 206.58 16583.31 10.7459918271137 12.9572790174161
"161" 206.5 16567.51 10.7362534978611 12.9499885515718
"162" 206.32 16552.08 10.7258885197173 12.9408031256981
"163" 206.22 16540.41 10.7150729826442 12.932647258635
"164" 206.13 16524.81 10.7058303169785 12.9228205615519
"165" 206.01 16510.64 10.6962191140396 12.9144004944269
"166" 205.91 16482.1 10.6873118024626 12.9035818593104
"167" 205.82 16463.7 10.6784082005498 12.8913412715103
"168" 205.72 16442.96 10.6685914079552 12.8785117857029
"169" 205.54 16425.03 10.6601391758917 12.8723630321041
"170" 205.49 16408.26 10.6519323685042 12.8615490832081
"171" 205.39 16388.1 10.6413582610595 12.8424530232891
"172" 205.29 16369.7 10.6303266211356 12.823938760654
"173" 205.21 16353.35 10.6224447406466 12.8100005007594
"174" 205.15 16336.36 10.612895126674 12.7985140773204
"175" 205.05 16317.07 10.6019387535634 12.7808182337474
"176" 204.93 16303.65 10.5921171986632 12.7702574454265
"177" 204.85 16282.43 10.5844401081519 12.7540062533588
"178" 204.77 16270.69 10.5733570998005 12.7425273462618
"179" 204.7 16252.73 10.5613200285 12.7282910195509
"180" 204.65 16234.68 10.5526664688884 12.7151532767161
"181" 204.55 16218.18 10.5430372299998 12.7012636369116
"182" 204.49 16197.47 10.533388392489 12.6897585725641
"183" 204.35 16177.62 10.5238537306818 12.6769124122389
"184" 204.28 16161.47 10.5127703230857 12.6688667515747
"185" 204.16 16141.84 10.5019393955331 12.6505016386526
"186" 204.08 16125.85 10.4940149641755 12.6408311422914
"187" 203.99 16104.05 10.4845959467707 12.6156117937728
"188" 203.88 16089.53 10.4739920570244 12.6005167348489
"189" 203.75 16075.65 10.4638783969514 12.5875371064009
"190" 203.64 16062.78 10.453251156829 12.580102601147
"191" 203.49 16043.87 10.4444230383429 12.5670554366763
"192" 203.43 16026.88 10.4354132099417 12.551181353585
"193" 203.37 16008.72 10.4263147672163 12.537711168942
"194" 203.23 15997.42 10.4170707288578 12.5296888494367
"195" 203.11 15976.59 10.4096616780399 12.5127705541776
"196" 202.98 15958.23 10.3994387713047 12.5044946777581
"197" 202.9 15942.8 10.3894965113483 12.4896555760349
"198" 202.83 15925.31 10.3809735520344 12.4776862654664
"199" 202.74 15905.02 10.3717905701543 12.4681872802472
"200" 202.61 15889.1 10.3624878425444 12.4626963574596
"201" 202.51 15866.62 10.3512076160267 12.4453714799904
"202" 202.39 15851.36 10.3427742405698 12.4347219679593
"203" 202.29 15836.92 10.3304549394986 12.4247655268679
"204" 202.15 15824.86 10.3214713337485 12.4118371513705
"205" 202.04 15806.46 10.3131937047983 12.3996396227053
"206" 201.86 15789.78 10.3038655338663 12.3886097893727
"207" 201.72 15776.61 10.2908945300052 12.373022295462
"208" 201.63 15762.89 10.2800616651127 12.3646728631142
"209" 201.57 15747.63 10.2695697413886 12.3491998839668
"210" 201.47 15734.06 10.2593222432005 12.3402131014563
"211" 201.37 15714.67 10.2501847240453 12.3309154211066
"212" 201.27 15693.88 10.2432778608547 12.317904006557
"213" 201.18 15673.22 10.2345237416569 12.304302933241
"214" 201.12 15659.93 10.225347915541 12.2965045413843
"215" 201.02 15643.21 10.212972335661 12.2761068678086
"216" 200.85 15629.79 10.2019768349148 12.2678097625434
"217" 200.74 15610.87 10.1927495255937 12.2553179952686
"218" 200.64 15594.12 10.1803483265399 12.2418350561049
"219" 200.55 15572.8 10.1687421189368 12.2225196327626
"220" 200.48 15558.54 10.1586739436538 12.2099978003664
"221" 200.38 15542.69 10.1477063461962 12.1998490141234
"222" 200.21 15530.15 10.1407977760489 12.1909493451511
"223" 200.12 15515.81 10.1294430310464 12.1770783917722
"224" 200.04 15504.81 10.1202630124722 12.1733031264851
"225" 199.91 15485.15 10.11206086532 12.1639445740265
"226" 199.82 15468.07 10.1028541501313 12.1544080169668
"227" 199.75 15446.73 10.0938005679432 12.1421013275573
"228" 199.67 15429.86 10.084383257611 12.1305345480233
"229" 199.56 15415.98 10.0769523011947 12.1208761697787
"230" 199.49 15399.43 10.0688458735487 12.1102066189224
"231" 199.38 15375.21 10.0597128138132 12.0965889453686
"232" 199.28 15354.62 10.0485500579695 12.0813227866959
"233" 199.14 15340.23 10.0383019891794 12.0676221180858
"234" 199.02 15323.76 10.0278131317127 12.0523064290083
"235" 198.91 15306.63 10.0174735488123 12.037996179677
"236" 198.84 15283.99 10.0071878934176 12.0230200944822
"237" 198.73 15269.43 9.99760291541195 12.0085859725868
"238" 198.65 15247.89 9.99237657309636 11.9954224992369
"239" 198.53 15223.48 9.98384699964826 11.9729670278188
"240" 198.41 15208.49 9.97333534637196 11.9603087371957
"241" 198.33 15188.23 9.96326621464851 11.95017165754
"242" 198.19 15174.46 9.95325950063148 11.9379522833154
"243" 198.07 15150.84 9.947033279175 11.9221918378776
"244" 197.92 15129.95 9.9405314061029 11.9126744711166
"245" 197.84 15110.78 9.93143700655175 11.901880557832
"246" 197.74 15091.6 9.92228472016957 11.8893889019721
"247" 197.65 15075.21 9.91226922779147 11.8712396693474
"248" 197.51 15056.28 9.90230157773136 11.8577372048979
"249" 197.41 15039.23 9.89238279465429 11.8445092899025
"250" 197.28 15025.01 9.88041123152861 11.8344380325739
"251" 197.21 15007.65 9.87163190009682 11.8208262736014
"252" 197.11 14994.1 9.86179945779809 11.8116992801541
"253" 197.06 14983.52 9.85030869703841 11.8027547391304
"254" 196.96 14966.95 9.84012957116659 11.7930553544714
"255" 196.87 14949.25 9.83348781211684 11.7837180042861
"256" 196.82 14933.04 9.82513195624449 11.7685480635243
"257" 196.68 14912.79 9.8174354781568 11.7607633698275
"258" 196.53 14892.36 9.81063350907906 11.7577357715533
"259" 196.47 14877.64 9.80054650302481 11.7449086104046
"260" 196.35 14854.25 9.79482384600536 11.7299579743627
"261" 196.25 14836.34 9.78625245875384 11.7162851561218
"262" 196.16 14819.07 9.77591605635413 11.7076451153261
"263" 195.99 14802.67 9.76311451599734 11.6933756934315
"264" 195.91 14783.95 9.75115690318348 11.6795214480424
"265" 195.8 14770.21 9.74018614781617 11.6692582438482
"266" 195.71 14760.3 9.73015177165974 11.6613828637058
"267" 195.6 14738.12 9.72114244933089 11.6516683504186
"268" 195.49 14722.05 9.7098070607861 11.6376028857936
"269" 195.36 14700.56 9.70080124733218 11.6194865280796
"270" 195.27 14683.34 9.69179328726288 11.6061781911881
"271" 195.21 14662.04 9.68466553342407 11.593278549571
"272" 195.08 14646.69 9.67501594653772 11.5824174078697
"273" 194.92 14629.36 9.66784138937352 11.5751998899468
"274" 194.85 14604.11 9.66429122596774 11.5648202410361
"275" 194.72 14587.74 9.65591475635019 11.553778697095
"276" 194.59 14570.51 9.64550153039451 11.5399807840581
"277" 194.55 14550.8 9.63451108442326 11.5241164250697
"278" 194.43 14537.1 9.62464517718759 11.5096655624429
"279" 194.35 14517.48 9.61349056164626 11.4950228892691
"280" 194.26 14500.98 9.60320141068699 11.4804749607765
"281" 194.2 14483.6 9.59509512394484 11.4644666263433
"282" 194.13 14465.12 9.586098162644 11.4516081136209
"283" 194.03 14448.5 9.57738136816954 11.435539778499
"284" 193.94 14429.85 9.57001433625977 11.4193508229454
"285" 193.83 14408.4 9.56152420677523 11.4107101341578
"286" 193.75 14389 9.55268158645763 11.3997398217703
"287" 193.65 14373.83 9.54199310079426 11.3887549653166
"288" 193.56 14361.49 9.53020180330957 11.3774942473327
"289" 193.49 14348.72 9.52021108803616 11.3632146875534
"290" 193.39 14330.53 9.5111713290605 11.3539389235739
"291" 193.29 14312.25 9.50079635608279 11.3373398181121
"292" 193.19 14292.5 9.49115627428524 11.3268233862313
"293" 193.09 14280.41 9.48011097298819 11.3168818185824
"294" 192.96 14266.17 9.47180066278232 11.3085681941906
"295" 192.88 14247.71 9.46398682117215 11.2959880022039
"296" 192.74 14235.87 9.45431307981641 11.2877347597339
"297" 192.6 14218.31 9.44348221912398 11.2725657694803
"298" 192.46 14199.32 9.43565117724569 11.2653262393678
"299" 192.36 14181.78 9.42516014570971 11.2520853677339
"300" 192.23 14165.49 9.41632468018461 11.2407593559874
"301" 192.16 14145.35 9.40773219658485 11.2254857533435
"302" 192.09 14125.19 9.39693788053558 11.2092996719312
"303" 191.97 14111.81 9.38748252847325 11.1946348517985
"304" 191.86 14092.83 9.37657456523462 11.1762686602251
"305" 191.73 14075.12 9.36481668297447 11.1635809443639
"306" 191.61 14057.8 9.35438324454952 11.152294520259
"307" 191.57 14037.92 9.34406510428636 11.1395296682657
"308" 191.46 14025.5 9.33235904048917 11.1315551459909
"309" 191.32 14008.66 9.32310455604152 11.1139729860421
"310" 191.21 13992.64 9.31421952678321 11.102816116635
"311" 191.11 13974.91 9.30497122274986 11.0921488359134
"312" 191.03 13957.79 9.29404055340242 11.080318459171
"313" 190.91 13938.46 9.28447997657191 11.0667274671135
"314" 190.78 13921.99 9.27503855503667 11.0592962177364
"315" 190.68 13910.68 9.26521372384383 11.0496697871331
"316" 190.57 13899.89 9.25493724956994 11.0409364052728
"317" 190.48 13879.74 9.24695436385496 11.0320019503873
"318" 190.37 13862.7 9.23662771353514 11.0215577081995
"319" 190.27 13851.41 9.22637123608475 11.0104409187938
"320" 190.19 13839.32 9.21426707250814 10.9964389104766
"321" 190.06 13824.31 9.20210517452441 10.9805539018951
"322" 189.99 13809.79 9.19058217952769 10.9702121433649
"323" 189.86 13798.16 9.17849852919975 10.9583467395637
"324" 189.74 13786.51 9.16815251875265 10.9497188277134
"325" 189.66 13763.36 9.16197565651854 10.9341441541619
"326" 189.5 13745.63 9.15072723764684 10.9252037099768
"327" 189.41 13732.57 9.14365277940255 10.9198161769517
"328" 189.27 13716.63 9.13425446420582 10.9084917982297
"329" 189.15 13698.99 9.1220382928893 10.8983495248516
"330" 189.02 13687.59 9.11006778417717 10.8870848423307
"331" 188.92 13666.78 9.10118516042662 10.8731877375982
"332" 188.77 13652.38 9.09160861258541 10.855894285707
"333" 188.66 13632.51 9.08271762473665 10.8463328944339
"334" 188.57 13613.91 9.07263614491003 10.8301428909324
"335" 188.47 13590.88 9.06208581298261 10.8116290042441
"336" 188.33 13575.32 9.05531071236275 10.8017590611536
"337" 188.16 13554.17 9.04730315729631 10.7907478542811
"338" 188.06 13538.24 9.03499122948696 10.7765413536621
"339" 187.88 13519.22 9.02713725911108 10.7677373888495
"340" 187.76 13500.18 9.01758488516314 10.7530965604239
"341" 187.65 13484.7 9.00676534526235 10.7402972862794
"342" 187.55 13470.09 8.99807591284113 10.7340416092867
"343" 187.51 13454.38 8.98838365994573 10.721696098366
"344" 187.44 13436.21 8.97767804712261 10.7041475823109
"345" 187.36 13422.68 8.96577958356798 10.6889295868797
"346" 187.33 13406.15 8.95535523534835 10.678024081429
"347" 187.15 13381.14 8.94796891832702 10.6596461456325
"348" 187.06 13371.63 8.93900958746651 10.6503084425861
"349" 186.96 13357.22 8.928252670929 10.6390354787919
"350" 186.89 13334.36 8.92066780468179 10.6286650124765
"351" 186.8 13313.6 8.91235016725591 10.6119066537948
"352" 186.72 13294.83 8.90519199503927 10.6020358291663
"353" 186.58 13275.02 8.89802669656571 10.5863171930287
"354" 186.52 13257.25 8.88854679291329 10.5711196105389
"355" 186.4 13233.36 8.87943975383208 10.5607396978365
"356" 186.27 13212.3 8.87104774481334 10.5434814074255
"357" 186.19 13199.59 8.86212353753787 10.5301610730103
"358" 186.13 13185.64 8.85181424795733 10.5186488276655
"359" 185.99 13172.7 8.84282543965799 10.5080750899134
"360" 185.9 13158.66 8.83180551787678 10.5000539897432
"361" 185.82 13140.46 8.82267721574408 10.4850058083381
"362" 185.7 13126.52 8.81217520626097 10.4780271998799
"363" 185.62 13105.57 8.8058032124443 10.4617981442371
"364" 185.51 13088.35 8.79599173298451 10.4497823668362
"365" 185.4 13073.76 8.78557875597306 10.4394446522558
"366" 185.32 13059.75 8.7761821817031 10.4335537844902
"367" 185.25 13037.04 8.76872847432893 10.4188432352213
"368" 185.17 13015.9 8.76062841472842 10.403468771563
"369" 185.04 12995.99 8.75420164596996 10.3897104650811
"370" 184.88 12981.47 8.74448958117605 10.3807501578728
"371" 184.8 12963.03 8.73290786231648 10.3673039608156
"372" 184.69 12939.44 8.72679606036896 10.3544358071108
"373" 184.62 12921.97 8.71982083598341 10.345148219383
"374" 184.52 12907.51 8.70851015238018 10.3304076937197
"375" 184.4 12899.56 8.69860886701217 10.3251960239077
"376" 184.35 12883.2 8.6907131765648 10.3112446896843
"377" 184.17 12868.73 8.68172722579979 10.2997316456768
"378" 184.05 12853.81 8.67194869135208 10.2881856333798
"379" 183.95 12833.86 8.65828097191006 10.2746100902242
"380" 183.82 12820.25 8.64741397809352 10.263549598129
"381" 183.69 12807.93 8.6376445868278 10.2505483529452
"382" 183.57 12787.77 8.62983789356666 10.2373130252675
"383" 183.45 12769.64 8.62060864620223 10.2260729702311
"384" 183.37 12748.6 8.61333608605553 10.2098776615142
"385" 183.27 12728.63 8.60794325005882 10.1977103302913
"386" 183.11 12715.51 8.59882743573459 10.1920472706699
"387" 183.01 12703.94 8.58991097623798 10.1777722644555
"388" 182.92 12679.76 8.58683581622395 10.1669619585319
"389" 182.8 12658.71 8.57845461921505 10.1535040800587
"390" 182.66 12641.15 8.56720947305681 10.1393258883313
"391" 182.54 12625.33 8.55592919514645 10.1282617006718
"392" 182.44 12609.05 8.54566683297409 10.1181799842361
"393" 182.33 12593.97 8.53720608977475 10.1107014056874
"394" 182.23 12581.88 8.52546659512375 10.0985759655862
"395" 182.05 12564.36 8.51656681762046 10.087604154101
"396" 181.9 12549.93 8.50553880265576 10.0702056233726
"397" 181.77 12538.34 8.49405335053484 10.0589458908265
"398" 181.7 12523.43 8.48296280037651 10.0505723031272
"399" 181.58 12503.92 8.47534164278176 10.0384648980553
"400" 181.46 12485.05 8.46690224475163 10.018615260689
"401" 181.34 12472.77 8.45466207726938 10.0019455686293
"402" 181.17 12463.24 8.44423894981733 9.99686425211754
"403" 181.07 12445.43 8.43520015657501 9.97833328315164
"404" 180.99 12420.91 8.42743396019549 9.95841085632556
"405" 180.91 12402.08 8.4171617786149 9.94032341655171
"406" 180.78 12386.77 8.4080121917861 9.92734287557796
"407" 180.68 12371.76 8.39781875195229 9.91504838240037
"408" 180.52 12353.84 8.38423540867126 9.89895218688844
"409" 180.39 12334.81 8.37449332076268 9.88829890258659
"410" 180.27 12318.89 8.36606547971048 9.87712858398307
"411" 180.12 12305.15 8.35570014043715 9.86316062067406
"412" 180.02 12287.81 8.34767649145476 9.84599878127691
"413" 179.93 12272.84 8.33741005038887 9.83418335515255
"414" 179.85 12257.29 8.32784995651076 9.83014374492635
"415" 179.72 12239.08 8.31803225882969 9.8212350351496
"416" 179.62 12229.33 8.30741989026995 9.81069534021835
"417" 179.52 12213.03 8.29822570358547 9.80868592346735
"418" 179.44 12195.11 8.28648685170802 9.79100766964728
"419" 179.32 12182.52 8.27659692289598 9.78032044358091
"420" 179.21 12162.31 8.27037709196325 9.77029606590023
"421" 179.08 12141.85 8.26327944994627 9.75753922182334
"422" 178.95 12127.73 8.25540290163544 9.75116289941078
"423" 178.81 12116.53 8.24430202152895 9.74462068979234
"424" 178.77 12099.06 8.23571725165817 9.72782211056887
"425" 178.67 12083.14 8.22702977390027 9.72271585264256
"426" 178.5 12067.02 8.21368649937089 9.70819856632677
"427" 178.38 12048.2 8.2032711111386 9.69783957424973
"428" 178.31 12028.06 8.19422826451941 9.68585449698399
"429" 178.17 12013.97 8.18518868199065 9.67858277483367
"430" 178.09 11995.09 8.17419992447923 9.66418652819856
"431" 177.98 11979.19 8.16293863010629 9.64687265606743
"432" 177.87 11958.71 8.15425052875743 9.63315880914103
"433" 177.81 11945.44 8.14281548129353 9.61800240446567
"434" 177.71 11927.52 8.13208574975903 9.60519839634911
"435" 177.57 11913.64 8.12103437996241 9.59450588219918
"436" 177.48 11892.42 8.11305503027673 9.58041238251557
"437" 177.31 11876.43 8.10339478982582 9.56815077931926
"438" 177.19 11862.72 8.09142599907139 9.55239304900459
"439" 177.09 11848.28 8.08364666590839 9.53820160557991
"440" 176.98 11834.56 8.07332680581005 9.5281073943042
"441" 176.84 11817.98 8.06401195642693 9.5166984957807
"442" 176.7 11804.33 8.05575509749402 9.51055973715693
"443" 176.56 11791.35 8.04465992679669 9.50054379887591
"444" 176.44 11775.36 8.03514519104806 9.48682041067534
"445" 176.32 11758.84 8.02751137733815 9.47750521940493
"446" 176.21 11743.9 8.01638188456597 9.4682252980013
"447" 176.1 11728.61 8.00662341273844 9.45583287491329
"448" 176.01 11710.23 7.99699626291471 9.44181148668904
"449" 175.95 11686.71 7.98926317727752 9.42778012478228
"450" 175.85 11669.11 7.97830891549711 9.41870223281196
"451" 175.74 11650.06 7.96978296420035 9.40214828197269
"452" 175.61 11636.17 7.95734604953495 9.39075231011788
"453" 175.51 11622.24 7.94953825860409 9.38574439400351
"454" 175.43 11610.58 7.9370042021382 9.37653307610644
"455" 175.31 11594.73 7.92733691888455 9.3682753472014
"456" 175.17 11577.23 7.91792722195905 9.35999436629041
"457" 175.06 11562.03 7.90674281958775 9.34623024678157
"458" 174.91 11545.99 7.89744295012682 9.33660211083331
"459" 174.78 11524.05 7.88809197978233 9.327720864301
"460" 174.68 11501.15 7.88333938003099 9.31636613727975
"461" 174.53 11486.06 7.87504351474903 9.31286838602941
"462" 174.41 11465.54 7.86697999304416 9.29772820435831
"463" 174.26 11449.93 7.85917224190517 9.28736172607304
"464" 174.18 11435.7 7.85050912140875 9.27755106232277
"465" 174.09 11422.02 7.83951201033658 9.26712055124074
"466" 173.94 11403.74 7.82937229108785 9.25568739806684
"467" 173.81 11385.17 7.82262792620511 9.24944185754369
"468" 173.7 11370.5 7.81235052522036 9.23831355470379
"469" 173.6 11342.2 7.80780497895186 9.22268840567738
"470" 173.52 11327.41 7.79548611448436 9.21062933363843
"471" 173.38 11314.06 7.78477052836258 9.20293680969251
"472" 173.3 11298.22 7.77314251645273 9.19280279420805
"473" 173.21 11284.25 7.76660508637242 9.18564100763584
"474" 173.15 11270.08 7.75432036769886 9.17602111151795
"475" 173.06 11251.83 7.74485251959892 9.15973915225283
"476" 172.94 11236.72 7.73279912854261 9.1445941153895
"477" 172.82 11219.18 7.72210094547316 9.12978305470917
"478" 172.66 11202.32 7.71437548738664 9.117829163159
"479" 172.52 11186.18 7.70550179556908 9.10366400699513
"480" 172.36 11171 7.69490395379567 9.0913779513209
"481" 172.27 11153.71 7.68662811319988 9.07884498132023
"482" 172.18 11136.85 7.6768615996801 9.06955703000934
"483" 172.06 11121.17 7.66514853975457 9.05808319279372
"484" 171.92 11105.38 7.65533614846939 9.0450367517373
"485" 171.81 11086.85 7.64560935227744 9.03150342604984
"486" 171.65 11071.97 7.63618190717917 9.02442458810968
"487" 171.51 11057.85 7.62501387618027 9.00872290923563
"488" 171.36 11044.24 7.61540127474692 8.99984488208498
"489" 171.25 11024.94 7.6057659814953 8.98368656489426
"490" 171.12 11002.14 7.59602885806304 8.97304886340074
"491" 170.96 10987.96 7.58551223302157 8.96553461414022
"492" 170.82 10970.07 7.57736126523129 8.95227385427392
"493" 170.65 10951.46 7.57054184967009 8.93798583861198
"494" 170.49 10935.03 7.56238383626589 8.93253240323008
"495" 170.32 10925.71 7.55158712902477 8.92613056405443
"496" 170.2 10907.31 7.54211778750096 8.91640486219524
"497" 170.08 10886.4 7.53363985541666 8.90920793936865
"498" 169.99 10870.53 7.52193815058057 8.89684091945225
"499" 169.9 10855.47 7.51389145832169 8.88946297908575
"500" 169.8 10835.45 7.5058744922738 8.88040765450357
"501" 169.74 10817.45 7.49807353137589 8.86672424568664
"502" 169.65 10795.45 7.48988968079241 8.85196112204331
"503" 169.54 10771.33 7.48277132611029 8.84556498025668
"504" 169.44 10755.2 7.47387873757015 8.83469692976766
"505" 169.3 10737.19 7.46373709745188 8.82641736816502
"506" 169.16 10722.19 7.45249824172245 8.81699882765924
"507" 169.04 10706.05 7.44105210656378 8.80854150360777
"508" 168.87 10688.98 7.43141479529785 8.80063004148661
"509" 168.78 10671.09 7.42310752434411 8.78836115734536
"510" 168.7 10652.18 7.41529299652441 8.77505390436839
"511" 168.57 10634.9 7.40409255990339 8.76041224496177
"512" 168.43 10622 7.39184573984569 8.75006483587663
"513" 168.31 10601.01 7.38548455226455 8.7390372607856
"514" 168.14 10585.35 7.37438572478752 8.72401675151563
"515" 167.99 10569.42 7.36438912600516 8.71158006183592
"516" 167.85 10550.4 7.35567703015262 8.70230450460513
"517" 167.74 10531.07 7.34685396721993 8.69047433519442
"518" 167.67 10515.97 7.3363535474163 8.67650398086781
"519" 167.54 10503.71 7.32726602069333 8.66630325819999
"520" 167.47 10486.75 7.31771806470128 8.65206169403577
"521" 167.37 10465.22 7.31010889373567 8.64424022677221
"522" 167.26 10449.43 7.29808807951051 8.63306751592056
"523" 167.17 10435.29 7.28690972868797 8.61932043286702
"524" 167.02 10414.38 7.27501929303401 8.598659698325
"525" 166.9 10396.98 7.2644525651994 8.58940492932531
"526" 166.77 10378.67 7.25622012166657 8.58007418829079
"527" 166.63 10365.46 7.24265552742156 8.56962091675908
"528" 166.39 10349.13 7.23427592458888 8.55640603676588
"529" 166.29 10331.02 7.22386626618589 8.54187325831337
"530" 166.21 10317.73 7.21297825728142 8.52899737402287
"531" 166.07 10301.27 7.20374938572483 8.51237236237772
"532" 165.87 10282.78 7.19225783466372 8.50499532407208
"533" 165.78 10269.34 7.18303830873519 8.49340790283775
"534" 165.65 10253.76 7.17370656937573 8.48472155009066
"535" 165.5 10243.91 7.16329881126553 8.47885290305209
"536" 165.35 10222.22 7.15979591325822 8.46569143480401
"537" 165.14 10201.88 7.15375756821953 8.45606918429087
"538" 165.01 10187.68 7.14484356347943 8.4465804651287
"539" 164.93 10172.84 7.1336452478384 8.43814793153939
"540" 164.82 10161.42 7.12259674629054 8.43140958285529
"541" 164.73 10137.01 7.11341584539157 8.41628569262694
"542" 164.59 10118.86 7.10303007162954 8.40359558711725
"543" 164.42 10099.48 7.09711563169174 8.39381143349064
"544" 164.35 10079.48 7.08656425239509 8.3769619075046
"545" 164.2 10055.44 7.07978489882293 8.35915987438983
"546" 164.09 10041.18 7.07001586357825 8.35121876338422
"547" 163.93 10023.72 7.05675480535195 8.33519862757728
"548" 163.79 10006.79 7.04668492093157 8.32299253869814
"549" 163.62 9994.67 7.03637490576109 8.31740422297664
"550" 163.49 9981.83 7.02642064863481 8.31131685130839
"551" 163.34 9970.27 7.01684615006701 8.30051004351055
"552" 163.21 9953.19 7.00886894279834 8.28597972223248
"553" 163.11 9938.68 7.00095971030014 8.26977114435715
"554" 162.96 9922.01 6.9936024115558 8.25702013611061
"555" 162.82 9897.14 6.98315947239401 8.24729798192122
"556" 162.7 9878.05 6.97750944100188 8.23773990430167
"557" 162.6 9856.87 6.96579355057486 8.22251695148372
"558" 162.49 9842.37 6.9559522170889 8.20945967478571
"559" 162.35 9820.51 6.94885208853275 8.19658750281788
"560" 162.25 9806.07 6.93614980982099 8.18399522104946
"561" 162.13 9784.74 6.92902204310456 8.17512965418415
"562" 161.96 9771.34 6.91877373253733 8.16138756626342
"563" 161.86 9754.11 6.90935849299382 8.14358122287341
"564" 161.73 9729.85 6.89884870197769 8.12804051611764
"565" 161.55 9706.77 6.88846588836561 8.10985636026197
"566" 161.44 9686.36 6.87967576075785 8.09220737634674
"567" 161.3 9671.03 6.87231220214441 8.07539974950829
"568" 161.13 9654.14 6.86013072202969 8.06304930307837
"569" 161.06 9639 6.85090577647621 8.04868295083196
"570" 160.9 9630.95 6.84125310813228 8.0378087508963
"571" 160.84 9605.22 6.83715194526368 8.02793470867579
"572" 160.69 9590.26 6.82868021970686 8.01831548348927
"573" 160.55 9577.78 6.81888168751861 8.00516446339838
"574" 160.48 9561.11 6.80759730691502 7.99315925538277
"575" 160.34 9537.5 6.79932519494477 7.97609057238924
"576" 160.17 9524.96 6.78690461718914 7.96198627575996
"577" 160.03 9505.43 6.77695372992101 7.94921305782715
"578" 159.85 9483.88 6.7668354563592 7.9326019466087
"579" 159.72 9467.98 6.75762129750951 7.92028807989526
"580" 159.56 9448.51 6.7506957786189 7.90544332621583
"581" 159.47 9422.61 6.74781342951634 7.89160904284176
"582" 159.35 9408.82 6.7374564373872 7.88024523183819
"583" 159.22 9396.23 6.72770523350188 7.8674975068164
"584" 159.09 9376.28 6.71570878113038 7.85133836238629
"585" 158.95 9360.5 6.7056006178344 7.83601322050427
"586" 158.8 9348.26 6.69634986636619 7.82823583761999
"587" 158.71 9331.61 6.68554005557565 7.81837184028606
"588" 158.63 9313.93 6.67907396394428 7.8101516114321
"589" 158.52 9297.42 6.6642629619897 7.80001207323727
"590" 158.4 9283.77 6.65167826997769 7.78144040412
"591" 158.22 9269.8 6.64165679253984 7.77264780901215
"592" 158.09 9255.39 6.63171296324633 7.75682704470545
"593" 157.92 9239.63 6.62050738159202 7.7458198360615
"594" 157.8 9225.47 6.60812284270079 7.72799198927593
"595" 157.62 9213.81 6.59690559447935 7.71941008752536
"596" 157.48 9195.29 6.58957788833636 7.71146581640382
"597" 157.34 9179.2 6.57768513693071 7.70185348602825
"598" 157.24 9161.54 6.56855665991151 7.69272682037417
"599" 157.12 9144.7 6.55808341148679 7.6770841504649
"600" 156.95 9130.01 6.54734887450197 7.66825551056863
"601" 156.87 9111.54 6.54012552013672 7.65358921611524
"602" 156.7 9088.59 6.53128243530414 7.64267023492189
"603" 156.56 9077.91 6.51894738293365 7.62979607164807
"604" 156.44 9062.43 6.50738526651919 7.61460104277099
"605" 156.28 9044.58 6.49848323856717 7.59651648439207
"606" 156.2 9029.67 6.48759270897777 7.58638001104465
"607" 156.07 9016.18 6.4763567741418 7.57730937689986
"608" 155.97 9000.72 6.46474275523195 7.55811168307562
"609" 155.82 8983.11 6.45536133836739 7.55300298911677
"610" 155.68 8961.4 6.44606864332712 7.54069655327649
"611" 155.54 8944.89 6.43723760495693 7.53371051709227
"612" 155.38 8928.04 6.42710779927916 7.52079733305002
"613" 155.21 8913.9 6.41652868046445 7.50772991710224
"614" 155.07 8889.65 6.40712051275649 7.49098482088113
"615" 154.9 8871.05 6.40066113302786 7.48177521859114
"616" 154.72 8854.9 6.39061596701942 7.46504539508175
"617" 154.55 8838.54 6.38278881224922 7.45764135713069
"618" 154.42 8817.16 6.37577145953394 7.45016702986778
"619" 154.31 8800.68 6.3682447820868 7.43510629768291
"620" 154.16 8787.74 6.36058929313851 7.423255084611
"621" 154.03 8771.07 6.35273973545612 7.41031385679339
"622" 153.9 8754.7 6.34127736934913 7.39063070548835
"623" 153.75 8742.69 6.32773767920936 7.38642448116856
"624" 153.6 8723.66 6.31991577188795 7.37777728592409
"625" 153.45 8705 6.30839852790136 7.36728979828501
"626" 153.35 8684.34 6.29845575823996 7.35736511874006
"627" 153.22 8661.44 6.28954382974928 7.3418029144007
"628" 153.1 8644.7 6.28060296725685 7.32793184880302
"629" 152.95 8624.33 6.27306652542236 7.31245166252482
"630" 152.86 8609.49 6.26276875341557 7.29964754016215
"631" 152.71 8598.31 6.25087958246383 7.28558013237476
"632" 152.59 8578.12 6.24100326503512 7.27590112854353
"633" 152.46 8553.72 6.23159630620323 7.265150500486
"634" 152.3 8538.08 6.22006128096725 7.25908973169327
"635" 152.11 8525.83 6.20745275583408 7.25048849430455
"636" 151.88 8503.36 6.19780574207534 7.23816302468282
"637" 151.79 8481.12 6.18749488419263 7.21962842214397
"638" 151.68 8463.05 6.17715027824532 7.20360700160512
"639" 151.56 8447.13 6.16766873989351 7.18867530374755
"640" 151.36 8432.76 6.15735928674547 7.1776443701359
"641" 151.23 8420.24 6.1460486646151 7.16573753953271
"642" 151.02 8404.45 6.13480968027708 7.15239748892458
"643" 150.89 8383.04 6.1274215098186 7.13917234138106
"644" 150.75 8364.61 6.12161258694625 7.13545481801775
"645" 150.56 8344.02 6.11279604975628 7.12513799507679
"646" 150.31 8324.63 6.10127061679942 7.11044362411746
"647" 150.2 8303.97 6.09674088293961 7.10331926609192
"648" 150.01 8290.65 6.0871548136585 7.09440916414334
"649" 149.86 8269.67 6.08000599843805 7.08255235759026
"650" 149.74 8250.55 6.07217554865922 7.07098010358451
"651" 149.58 8235.97 6.06161110023441 7.06194417391935
"652" 149.45 8220.65 6.05239714529514 7.05091705420487
"653" 149.25 8206.64 6.04131295801136 7.03882009679036
"654" 149.1 8189.34 6.03268933317346 7.0292406351088
"655" 148.93 8174.38 6.02192409457211 7.01698867113627
"656" 148.73 8160 6.01204853239715 7.00920723932631
"657" 148.58 8144.97 6.00177249442184 6.9920869329774
"658" 148.42 8127.96 5.99379227452375 6.97530418244169
"659" 148.26 8116.23 5.98238150252145 6.96587450562436
"660" 148.12 8096.27 5.97672314403973 6.95080768047901
"661" 147.98 8081.44 5.97082565687529 6.94668937705121
"662" 147.87 8066.67 5.9622920921534 6.93676798738465
"663" 147.68 8044.57 5.95440511132962 6.92841775518979
"664" 147.48 8029.25 5.94525753187479 6.91909937888839
"665" 147.36 8008.18 5.93483939318384 6.90833177953754
"666" 147.18 7996.42 5.92462029351751 6.8995432542232
"667" 147.05 7978.69 5.91508045852851 6.8856694784319
"668" 146.93 7968.26 5.90277845833849 6.87739750255541
"669" 146.79 7954.51 5.89523261237633 6.86345615233228
"670" 146.67 7939.98 5.88285292465115 6.85498852309352
"671" 146.58 7922.86 5.87325507684578 6.84143255362007
"672" 146.46 7908.52 5.86488738370532 6.83073077025955
"673" 146.31 7889.49 5.85716498260792 6.8171244926749
"674" 146.16 7875.02 5.84513654090056 6.80569586383237
"675" 146.06 7856.05 5.83840751791332 6.79285256394895
"676" 145.93 7839.98 5.82692533342345 6.77797809033434
"677" 145.76 7819.22 5.81608923483109 6.76624899173887
"678" 145.65 7804.8 5.80403520551265 6.75305643570979
"679" 145.54 7786.51 5.7934120539515 6.74335726242515
"680" 145.41 7769.06 5.78388510757411 6.73729493887955
"681" 145.26 7756.58 5.77079106179667 6.72878579841925
"682" 145.11 7742.62 5.76053570714367 6.71590441571497
"683" 144.98 7725.27 5.75041800221865 6.70540291947784
"684" 144.82 7710.47 5.73840693199796 6.69055723360928
"685" 144.69 7691.6 5.72566976266962 6.67719815254272
"686" 144.56 7675.83 5.7135786303903 6.66355510691482
"687" 144.4 7660.17 5.70336820354441 6.64600098480348
"688" 144.25 7642.91 5.69187051425358 6.63131196055469
"689" 144.1 7625.22 5.67869645159269 6.61834466147509
"690" 143.98 7613.77 5.67339102539517 6.61580604910698
"691" 143.79 7602.11 5.66141376239329 6.60318425613448
"692" 143.58 7591.29 5.64994263595444 6.59422117028028
"693" 143.44 7571.88 5.63989238970013 6.57580715468135
"694" 143.29 7551.02 5.63103608946741 6.5631911869938
"695" 143.08 7529.74 5.62265431969659 6.54978594355339
"696" 142.93 7512.49 5.60813963169529 6.53447680164941
"697" 142.75 7497.48 5.60095328927953 6.52710585673438
"698" 142.69 7473.23 5.59051071073571 6.51544830485134
"699" 142.54 7453.72 5.57683045731404 6.49446468310338
"700" 142.37 7434.87 5.56682477097334 6.48828625755944
"701" 142.2 7417.28 5.55760179498151 6.47822146405506
"702" 142.06 7403.01 5.54733060877052 6.4696079313253
"703" 141.95 7389.78 5.53617967885906 6.45539946437276
"704" 141.75 7375.47 5.52762008317634 6.441207958414
"705" 141.58 7358.63 5.51746216531968 6.4260187611729
"706" 141.43 7344.35 5.50683244312689 6.41173543658719
"707" 141.24 7325.49 5.49795146173724 6.40376111531576
"708" 141.07 7307.84 5.48539722994615 6.38915310777209
"709" 140.88 7293.03 5.47689086588025 6.38146919106707
"710" 140.71 7273.11 5.46821621539879 6.36855639520303
"711" 140.54 7257.66 5.45624275064575 6.35783289327292
"712" 140.43 7238.12 5.44505038089826 6.33825083495767
"713" 140.3 7224.16 5.43482072263572 6.32263851431987
"714" 140.18 7211.12 5.42389774685384 6.30555504966148
"715" 140.05 7196.36 5.41066240752811 6.29157511575392
"716" 139.89 7180.18 5.40270542721795 6.27768732489771
"717" 139.71 7168.48 5.39073334791722 6.26561960861674
"718" 139.52 7153.26 5.38070314324514 6.25139098352375
"719" 139.32 7133.96 5.37079798870671 6.23270049116472
"720" 139.18 7119.52 5.36210656013492 6.22579307543862
"721" 139 7104.78 5.35474116313741 6.21898728411352
"722" 138.82 7088.8 5.34459228332245 6.21058308882818
"723" 138.72 7072.41 5.33219706112454 6.19315565491445
"724" 138.57 7056.66 5.32309802689601 6.1855093569475
"725" 138.37 7039.78 5.3153153234698 6.16835971063191
"726" 138.26 7026.42 5.30366939660387 6.15905804568935
"727" 138.04 7011.45 5.29038446393566 6.14720490329404
"728" 137.9 6994.31 5.28169620273716 6.13257462819889
"729" 137.73 6979.43 5.27269863031484 6.12514531451259
"730" 137.6 6957.96 5.26180231869156 6.11716882549603
"731" 137.43 6942.17 5.25102641633521 6.10357773714229
"732" 137.22 6927.72 5.24164646810619 6.09065540500661
"733" 136.98 6906.47 5.23480881922722 6.07969252110462
"734" 136.83 6890.23 5.22538624466957 6.06965668386431
"735" 136.64 6872.46 5.22059463523971 6.06840296632783
"736" 136.49 6849.13 5.21317861159763 6.05678619697269
"737" 136.33 6835.51 5.2023308738455 6.03991551693867
"738" 136.22 6821.59 5.19006958311779 6.02740675078434
"739" 136.06 6809.83 5.18035895238984 6.01450750839475
"740" 135.92 6789.76 5.16965732873989 5.99769991862002
"741" 135.79 6774.63 5.15908402245338 5.99268777118869
"742" 135.63 6762.22 5.14956533103634 5.98787122638014
"743" 135.5 6745.77 5.1420872087826 5.97761962909196
"744" 135.33 6729.94 5.13236756695054 5.96484151911504
"745" 135.17 6712.74 5.12060049617884 5.95081627620254
"746" 135.01 6701.83 5.11170221249299 5.94077427142254
"747" 134.9 6687.7 5.09878170745499 5.92973756066532
"748" 134.8 6676.13 5.08738624731434 5.92571734945481
"749" 134.69 6662.5 5.0755642784574 5.91322955292699
"750" 134.56 6649.18 5.06598748080045 5.90823056314393
"751" 134.4 6637.15 5.0577565896814 5.89659085318457
"752" 134.23 6614.31 5.05194074675226 5.8815199584549
"753" 134.08 6598.2 5.04454831660586 5.86505792435115
"754" 133.9 6581.21 5.03574370591761 5.85161191244306
"755" 133.71 6558.16 5.02898899340215 5.84209308813381
"756" 133.53 6547.05 5.01626235396621 5.8329069870531
"757" 133.38 6525.99 5.00840901594367 5.81108565445773
"758" 133.13 6516.3 4.9986636481734 5.80556493535764
"759" 133 6499.79 4.98930583338564 5.78879907339027
"760" 132.81 6485.34 4.97860636248492 5.77843923959931
"761" 132.63 6473.21 4.96922533476186 5.76681530435528
"762" 132.44 6457.44 4.95990540055129 5.75831771894537
"763" 132.31 6446.29 4.95185260821453 5.74882355465054
"764" 132.17 6431.9 4.94384257896107 5.73635643463416
"765" 132.02 6411.21 4.9353270306332 5.71897381590039
"766" 131.81 6399.93 4.92498941036662 5.71204641846031
"767" 131.66 6387.38 4.91252756030641 5.70274480568261
"768" 131.49 6373.26 4.9013216203715 5.69310292715358
"769" 131.32 6357.2 4.88900484497294 5.67727706127415
"770" 131.17 6339.65 4.88043034221819 5.66385684110489
"771" 131.03 6326.87 4.87152281514381 5.65321225233313
"772" 130.88 6308.76 4.86383268505581 5.6398690232533
"773" 130.66 6286.56 4.85482882018599 5.62758760283567
"774" 130.52 6265.07 4.84656675103669 5.60936396506442
"775" 130.32 6249.46 4.83617894534708 5.5995772534712
"776" 130.15 6236.18 4.82501172352444 5.5884582418443
"777" 130.03 6217.69 4.81585256274719 5.57137790689729
"778" 129.82 6195.1 4.80765223644052 5.55155771693489
"779" 129.58 6179.68 4.79911261729589 5.53917304944992
"780" 129.4 6163.15 4.78648275023021 5.52533158085376
"781" 129.24 6145.68 4.7774588480253 5.51769523918521
"782" 129.08 6128.06 4.76845363216296 5.50188866492363
"783" 128.95 6111.79 4.75968892443555 5.48793155501304
"784" 128.71 6097.21 4.74910476164983 5.48166301434673
"785" 128.52 6082.68 4.73827853361634 5.47044469283659
"786" 128.38 6065.05 4.7272796499398 5.45459720044902
"787" 128.19 6050.96 4.71474126761481 5.4422272362895
"788" 128.01 6034.81 4.70492251027397 5.42761031520158
"789" 127.87 6016.69 4.69667483765335 5.41977637076032
"790" 127.75 5999.08 4.68599336549686 5.40814982425825
"791" 127.56 5981.06 4.67502685864543 5.39214815917902
"792" 127.39 5959.78 4.66405403177388 5.37996580893983
"793" 127.25 5947.21 4.65252398020496 5.36948695762373
"794" 127.04 5930.83 4.64657300749987 5.35539078434503
"795" 126.88 5915.83 4.63647737215501 5.34085674550815
"796" 126.71 5900.62 4.62653884357812 5.32821881829551
"797" 126.5 5883.43 4.61641525111359 5.31483506968073
"798" 126.36 5863.86 4.61028074336994 5.30228782928228
"799" 126.16 5845.21 4.60219855709163 5.29393565373988
"800" 125.99 5827.28 4.59477902213238 5.27487920358648
"801" 125.8 5808.02 4.58819107967356 5.26391120933166
"802" 125.62 5788.38 4.57541207008452 5.25250993889856
"803" 125.36 5772.88 4.56009623157057 5.23499287763698
"804" 125.14 5755.19 4.54989179771415 5.22469063902964
"805" 124.96 5735.4 4.54140017631713 5.2153018291778
"806" 124.78 5717.12 4.53174667896934 5.2005333254798
"807" 124.62 5697.62 4.52182171086688 5.18740589291957
"808" 124.48 5684.19 4.51262130515622 5.17676488777454
"809" 124.37 5668.05 4.4993270296506 5.16330591636863
"810" 124.2 5649.85 4.48872388657303 5.14746952512588
"811" 124.03 5638.12 4.47581660374838 5.13324059258279
"812" 123.88 5618.28 4.46373062527671 5.11956663102768
"813" 123.73 5601.02 4.45073150477027 5.09661305590679
"814" 123.52 5581.62 4.4435708854583 5.08719539913537
"815" 123.34 5559.35 4.4325307298912 5.07877208822705
"816" 123.13 5544.79 4.42269122338273 5.06756102525211
"817" 122.91 5528.62 4.41501396386025 5.05224013722726
"818" 122.75 5508.41 4.40560075440584 5.04044034287739
"819" 122.62 5488.07 4.39471359864289 5.02030879974261
"820" 122.41 5467.02 4.3889880950738 5.00545295946745
"821" 122.22 5454.34 4.37930429384477 4.99928292955059
"822" 122.07 5434.67 4.36913901938196 4.98426751733489
"823" 121.92 5416.57 4.35806991356834 4.96505686133604
"824" 121.7 5400.48 4.34725091436482 4.95101499104584
"825" 121.6 5377.33 4.34115374419 4.93301056540521
"826" 121.38 5360.49 4.32926068962668 4.91716576500061
"827" 121.22 5339.87 4.31815028275276 4.90729883331592
"828" 120.94 5323.22 4.30646018416614 4.89613763417618
"829" 120.74 5306.23 4.30085232628876 4.8870719664449
"830" 120.5 5291.77 4.28812912376286 4.8771321436059
"831" 120.36 5266.35 4.27914382855154 4.85701086456353
"832" 120.14 5252.27 4.26932881476767 4.843050878927
"833" 119.97 5239.52 4.25848638242602 4.83366895412675
"834" 119.83 5224.73 4.24982559875268 4.82058387127503
"835" 119.58 5210.42 4.23965790893907 4.80945599669476
"836" 119.37 5196.03 4.2283882310572 4.79430276645024
"837" 119.14 5182.07 4.21799559356689 4.77939325827416
"838" 118.94 5167.77 4.20679816455227 4.76774314130898
"839" 118.68 5151.21 4.19645371249689 4.75978299921323
"840" 118.5 5133.79 4.18734788261757 4.75047777579711
"841" 118.29 5116.67 4.17816185641498 4.73144743767263
"842" 118.12 5105.19 4.16681173515851 4.72396025030043
"843" 117.91 5095.97 4.15586852362847 4.71273952449677
"844" 117.77 5084.92 4.14501523805486 4.70016849193482
"845" 117.53 5068.87 4.13276448655187 4.68774029061322
"846" 117.35 5054.48 4.12074622256451 4.67282384463942
"847" 117.2 5038.33 4.10862979701652 4.66281682746074
"848" 116.97 5026.05 4.09690088856036 4.65122012707296
"849" 116.8 5007.84 4.0873984499468 4.64748196366092
"850" 116.54 4989.81 4.07705780361795 4.63442555381723
"851" 116.37 4972.43 4.06869853560338 4.61527793755732
"852" 116.17 4962.05 4.05797157026086 4.60891046960275
"853" 115.96 4943.48 4.04831012362113 4.59520836331178
"854" 115.77 4921.38 4.03847699450544 4.57859828863147
"855" 115.63 4904.27 4.02694091925397 4.55946497700362
"856" 115.41 4887.31 4.01669669745946 4.55152168248053
"857" 115.24 4864.15 4.00803268984604 4.5406642796171
"858" 115.03 4848.8 3.99913772870033 4.52835283896546
"859" 114.84 4831.75 3.9887771345484 4.5189421540277
"860" 114.55 4813.09 3.97771521244552 4.50548714397083
"861" 114.34 4794.82 3.96666379487902 4.49127781007416
"862" 114.14 4777.34 3.95875466006043 4.47881974308047
"863" 113.96 4760.29 3.95027013140051 4.46992652691421
"864" 113.79 4740.12 3.94056150277953 4.45908757830167
"865" 113.68 4726.45 3.92851349042893 4.44492941743953
"866" 113.46 4709.93 3.91845543438608 4.43407030280574
"867" 113.22 4688.15 3.91093020595649 4.41721852081794
"868" 113 4669.6 3.90254767910064 4.40880439072578
"869" 112.79 4656.02 3.89181935225026 4.39739361637307
"870" 112.63 4638.59 3.88007020404704 4.38111788813738
"871" 112.47 4617.8 3.87202700381807 4.36013619611765
"872" 112.22 4599.89 3.86292350469267 4.34755747167807
"873" 112.06 4585.76 3.85103863664293 4.33631957581551
"874" 111.82 4566.83 3.84257545413264 4.32920566904725
"875" 111.65 4555.04 3.832679564615 4.31715140997254
"876" 111.48 4540.42 3.82130320966846 4.3010322963405
"877" 111.21 4519.02 3.81164944394428 4.29229221761734
"878" 111 4506.32 3.80140884648807 4.27457131871112
"879" 110.75 4492.8 3.794007449111 4.26743660002918
"880" 110.51 4477.71 3.78386711355672 4.25630473431254
"881" 110.39 4462.62 3.77605134683764 4.24220847373558
"882" 110.11 4444.39 3.76619291602554 4.22714191858786
"883" 109.92 4425.69 3.75179844121051 4.21817640431509
"884" 109.7 4411.52 3.74190081581562 4.20828455897638
"885" 109.5 4393.32 3.73212578068168 4.18981070894553
"886" 109.27 4376.2 3.71954972201832 4.17119908334218
"887" 109.08 4347.07 3.71337176831354 4.155331411106
"888" 108.84 4330.68 3.70534954589865 4.14319677378879
"889" 108.68 4311.34 3.69553167170844 4.13168344803489
"890" 108.47 4295.07 3.68777473945909 4.1189949737884
"891" 108.25 4273.84 3.67661867796791 4.10556663347992
"892" 108.04 4257.61 3.66857213774084 4.09305478976118
"893" 107.79 4241.95 3.65668126929705 4.08046518434049
"894" 107.56 4227.8 3.64950592252268 4.06736662357217
"895" 107.38 4213.06 3.63486968108533 4.05703306088543
"896" 107.14 4196.32 3.62472290649204 4.04131439845271
"897" 106.89 4186.67 3.61372260134888 4.03078178980904
"898" 106.68 4170.21 3.60606736659014 4.02221487097933
"899" 106.48 4159.33 3.59497934894412 4.01178851080882
"900" 106.23 4143.6 3.58139844273319 3.99922116683915
"901" 105.95 4130.21 3.57404366590143 3.98625032039789
"902" 105.75 4109.18 3.56248714986037 3.97621220709184
"903" 105.48 4089.78 3.54998686544525 3.96294206087259
"904" 105.2 4070.8 3.54040890138416 3.95120621669354
"905" 105 4054.18 3.52886283218653 3.94110726300153
"906" 104.72 4041.57 3.51834061373274 3.93287455523863
"907" 104.5 4019.82 3.50874856922304 3.91793469045165
"908" 104.23 4001.24 3.4981344008071 3.89926875056456
"909" 104.1 3980.2 3.49044307026771 3.88939050302424
"910" 103.87 3957.6 3.48172059536777 3.87607285912128
"911" 103.62 3943.14 3.4745274533152 3.86889053827238
"912" 103.35 3928.23 3.46406267297492 3.85617972560226
"913" 103.06 3912.05 3.45526660100589 3.84881662125529
"914" 102.71 3894.48 3.44577277254653 3.83763796160719
"915" 102.51 3876.69 3.43216400695621 3.81808954645951
"916" 102.3 3859.82 3.42441119195596 3.8029037079126
"917" 102.09 3843.61 3.41115005600298 3.78874612495829
"918" 101.86 3829.94 3.39867056947449 3.7743415575213
"919" 101.61 3814.55 3.39190504917848 3.76116833263241
"920" 101.32 3796.55 3.384923459391 3.75363795945103
"921" 101.04 3776.11 3.37736359038476 3.74088957605686
"922" 100.74 3757.7 3.3667437565415 3.72660527020974
"923" 100.48 3742.01 3.35313511915036 3.72072041621637
"924" 100.26 3726.31 3.34100792828774 3.71051150732876
"925" 100.06 3705.9 3.33006049039027 3.69992822023085
"926" 99.79 3688.03 3.3174931694868 3.69145209921193
"927" 99.56 3673.4 3.30375403216159 3.68015984851649
"928" 99.35 3654.28 3.29143185556375 3.65765871885011
"929" 99.16 3639.65 3.2762887444384 3.63991530728455
"930" 98.83 3621.86 3.26772134494478 3.62346936812877
"931" 98.55 3607.08 3.25825689216883 3.61060070012456
"932" 98.31 3590.01 3.24887026019032 3.59514869987662
"933" 98.04 3574.01 3.23616466759451 3.58619829463474
"934" 97.77 3556 3.22679527795279 3.57121175348857
"935" 97.46 3543.58 3.2156733646148 3.56047672955148
"936" 97.21 3519.47 3.20816106815511 3.53826604912662
"937" 97.01 3501.17 3.19581549068722 3.51892111096287
"938" 96.73 3479.66 3.18538372023852 3.50054540303742
"939" 96.51 3457.98 3.17762337690162 3.49040728118246
"940" 96.26 3442.09 3.16914541748874 3.47993382724746
"941" 95.99 3418.6 3.15839801571506 3.46636451651937
"942" 95.74 3403.89 3.15217952591531 3.45119421287435
"943" 95.53 3386.18 3.14278759296392 3.43042756589059
"944" 95.3 3370.45 3.1343784130423 3.4087011964377
"945" 95.03 3356.26 3.12195921213207 3.39089447443797
"946" 94.85 3339.04 3.11052670333617 3.37298714880641
"947" 94.54 3325.37 3.09692331625515 3.36651654422702
"948" 94.27 3313.36 3.08559867681905 3.36190718953859
"949" 93.99 3293.59 3.07617360471974 3.35595792238715
"950" 93.65 3282.86 3.06319860890004 3.34917744541447
"951" 93.43 3264.77 3.05268850232059 3.33932409152879
"952" 93.18 3246.9 3.04066950260348 3.32940800485486
"953" 92.91 3233.97 3.03066962353484 3.31433572282869
"954" 92.61 3219.63 3.0198984768391 3.30673703084846
"955" 92.34 3203.46 3.00985232402906 3.29523684585832
"956" 92.04 3189.37 2.99662889919705 3.28744193032956
"957" 91.81 3167.97 2.98550140207359 3.26785710361312
"958" 91.56 3155.76 2.97256893947335 3.25110397817054
"959" 91.33 3137.16 2.9633073901519 3.24459294541411
"960" 91.09 3118.6 2.95635988650898 3.23255146189057
"961" 90.8 3103.41 2.94106355621843 3.22557495761057
"962" 90.47 3084.48 2.93162432403247 3.21338625586274
"963" 90.13 3070.58 2.91901596008111 3.19509189389024
"964" 89.93 3053.1 2.9099928480363 3.17465072602568
"965" 89.66 3027.58 2.89988018060256 3.16691820839154
"966" 89.27 3008.73 2.88664375482141 3.159302999446
"967" 89 2995.08 2.87653855389398 3.14488516048951
"968" 88.75 2982.12 2.86256727993231 3.12856271317003
"969" 88.41 2964.88 2.85176680792635 3.11459477975983
"970" 88.06 2945.83 2.84269992368291 3.10120635664327
"971" 87.79 2924.9 2.83479828221311 3.08822910657244
"972" 87.55 2910.71 2.82315101405487 3.08103657760702
"973" 87.18 2885.98 2.81884097975401 3.07438359815779
"974" 86.93 2873.68 2.80935882194775 3.06086769363542
"975" 86.66 2854.15 2.80253407180429 3.04584368448451
"976" 86.29 2836.34 2.79416141754917 3.03109265586373
"977" 86.01 2819.06 2.78426295308591 3.02111007846396
"978" 85.71 2804.41 2.77251485944792 3.00597120596715
"979" 85.39 2790.52 2.76232394357797 2.99513543271064
"980" 85.07 2777.25 2.7531335604006 2.98223663078251
"981" 84.77 2761.99 2.7418294508494 2.96538574878748
"982" 84.42 2741.77 2.73367874705166 2.96529722578972
"983" 84.07 2727.14 2.72421268679478 2.95386549691189
"984" 83.74 2716.1 2.71285596524422 2.94294083156091
"985" 83.44 2697.52 2.70354860515322 2.9232986159949
"986" 83.2 2679.15 2.69099441882347 2.90584678564505
"987" 82.92 2662.64 2.68234931192252 2.89409707877984
"988" 82.62 2649.68 2.66929804387163 2.89014986842362
"989" 82.3 2632.86 2.65719507664572 2.87661275470171
"990" 81.99 2612.53 2.64660927689962 2.86384877058278
"991" 81.71 2595.99 2.63768626787695 2.8527400156395
"992" 81.41 2580.47 2.62691300275066 2.83805783390657
"993" 81.18 2554.08 2.61588766706095 2.82158305349163
"994" 80.86 2539.98 2.60684432546598 2.80841222731647
"995" 80.53 2522.23 2.59918438460877 2.79422980368251
"996" 80.24 2504.45 2.58808436204841 2.77996720935045
"997" 79.99 2492.2 2.57807865008133 2.76967053260523
"998" 79.65 2475.03 2.56759601271634 2.76237804461388
"999" 79.39 2458.03 2.55511004147776 2.74743557568193
"1000" 79.14 2439.1 2.54361558074859 2.7377801327205
"1001" 78.76 2421 2.53442668454112 2.72966078199318
"1002" 78.42 2405.64 2.52310570625274 2.71617397191235
"1003" 78.13 2390.25 2.51104125932806 2.70282599797194
"1004" 77.8 2373.21 2.50132760916062 2.69441549000755
"1005" 77.5 2354.6 2.49303402140614 2.68734940862372
"1006" 77.14 2338.57 2.48158116986866 2.67059721334218
"1007" 76.77 2322.37 2.47355604240141 2.65915489694584
"1008" 76.38 2304.35 2.46495416083278 2.64769545785294
"1009" 75.99 2285.9 2.45969210068366 2.63229478296196
"1010" 75.54 2271.49 2.44875114684694 2.61890204326638
"1011" 75.19 2249.47 2.43550303692031 2.60507310150539
"1012" 74.8 2224.36 2.43145127541001 2.59930344514883
"1013" 74.43 2211.87 2.41817889991405 2.58316642730916
"1014" 74.13 2188.46 2.40928496388955 2.56066526367999
"1015" 73.77 2173.56 2.39854679793229 2.54554888775639
"1016" 73.48 2155.83 2.3882076676157 2.53461524599774
"1017" 73.13 2136.72 2.38145485778708 2.52890785026831
"1018" 72.86 2125.16 2.36800057686238 2.51381327097455
"1019" 72.48 2112.57 2.35741309533894 2.50218847502832
"1020" 72.15 2095.66 2.34702684532647 2.49485165056781
"1021" 71.79 2079.94 2.33968172772811 2.48278394794564
"1022" 71.5 2066.37 2.32901615309507 2.46782087488047
"1023" 71.17 2050 2.32162262911964 2.4607918320839
"1024" 70.8 2040.96 2.30769849534793 2.45169743910651
"1025" 70.4 2020.57 2.29566602309731 2.4452636484676
"1026" 69.95 2010.17 2.28127648528988 2.43596579391168
"1027" 69.5 1988.36 2.27104493456071 2.41890308427526
"1028" 69.12 1977.32 2.25838314415844 2.40582718464344
"1029" 68.76 1960.58 2.25148387789173 2.39146632437657
"1030" 68.46 1942.27 2.2437944633377 2.38015148436631
"1031" 68.05 1926.96 2.23538868500096 2.36801455475775
"1032" 67.61 1914.78 2.22384704677333 2.36192037891383
"1033" 67.19 1899.65 2.20912240739412 2.34431411367778
"1034" 66.77 1885.66 2.19615507926068 2.33565379789643
"1035" 66.39 1871.38 2.19027795983881 2.32896622337488
"1036" 66.1 1847.1 2.18037493959183 2.32101574125459
"1037" 65.67 1831.16 2.16867127770089 2.30187763827327
"1038" 65.32 1812.97 2.16371007777215 2.29293091524237
"1039" 64.91 1796.28 2.15142081492833 2.2801285095003
"1040" 64.49 1784.19 2.14015466308449 2.27517369565037
"1041" 64.1 1767.15 2.12764870086761 2.26506406195618
"1042" 63.67 1746.47 2.11937809025472 2.24987971897213
"1043" 63.3 1730.58 2.10528504957881 2.23914563725163
"1044" 62.85 1714.87 2.09741138778195 2.22800574615055
"1045" 62.42 1702.5 2.09038659453658 2.22487282867978
"1046" 62.01 1685.44 2.07575041907639 2.21436112989603
"1047" 61.52 1667.04 2.06976252424127 2.20199895048741
"1048" 61.17 1648.54 2.06255304569587 2.18885273763053
"1049" 60.78 1630.36 2.053861181132 2.17870187909929
"1050" 60.39 1602.6 2.04787040939496 2.16792743404561
"1051" 59.95 1583.38 2.0368410274177 2.15443527201008
"1052" 59.49 1569.68 2.02116872255582 2.14443353601797
"1053" 59.07 1547.44 2.01224690326833 2.12727276714574
"1054" 58.56 1529.95 1.99655308350173 2.12262443998065
"1055" 58.05 1512.24 1.98701033217206 2.11383129077108
"1056" 57.63 1497.36 1.97905320766016 2.09934623046854
"1057" 57.18 1477.86 1.96706078425044 2.08624782448769
"1058" 56.69 1463.2 1.95852229124044 2.07300079259564
"1059" 56.22 1448.95 1.94859472390193 2.0617412558496
"1060" 55.88 1430.88 1.93972478017795 2.04477483200921
"1061" 55.4 1413.82 1.92785663083811 2.03604142745201
"1062" 55.02 1389.82 1.92337479971188 2.00946527289921
"1063" 54.52 1369.58 1.90732118880113 2.00529193626058
"1064" 54.06 1348.11 1.8973303126218 1.9865967706818
"1065" 53.59 1328.58 1.89252392576061 1.96941828948905
"1066" 53.09 1314.9 1.88296502690828 1.95757893379554
"1067" 52.61 1301.62 1.86799342376339 1.94594254619783
"1068" 52.19 1281.66 1.85562722423543 1.93334990435733
"1069" 51.64 1267.73 1.83731624980675 1.925638340638
"1070" 51.17 1246.29 1.83401337154712 1.90991445827281
"1071" 50.66 1234.62 1.82302833794455 1.89428323800138
"1072" 50.23 1215.17 1.81221460289142 1.88483809305516
"1073" 49.71 1206.98 1.79987661290457 1.87756939895438
"1074" 49.24 1197.21 1.78799939497435 1.87106964983142
"1075" 48.73 1181.86 1.78010788258684 1.86267222378097
"1076" 48.17 1165.76 1.76379735908894 1.84915143733119
"1077" 47.63 1149.06 1.75643033435544 1.8229219001567
"1078" 47.05 1128.68 1.74333082655966 1.81205986919153
"1079" 46.46 1114.08 1.73200702002936 1.80420567533767
"1080" 45.95 1099.01 1.71784209924064 1.79929860243718
"1081" 45.45 1081.86 1.70562794362036 1.79216640071954
"1082" 44.94 1059.68 1.69548585791188 1.77306916059358
"1083" 44.38 1046.71 1.68372780033857 1.76013179207441
"1084" 43.79 1024.33 1.67485993759931 1.75183788744493
"1085" 43.3 1008.89 1.66826997372355 1.74081543051357
"1086" 42.77 993.41 1.66245626377188 1.72603927528506
"1087" 42.26 976.38 1.6497137175532 1.71499982298182
"1088" 41.64 959.2 1.64298356151026 1.70746113649057
"1089" 41.05 938.41 1.63431021055268 1.68154976222633
"1090" 40.52 918.97 1.62013908941188 1.66903254325829
"1091" 39.95 896.43 1.60773347008369 1.65565982799367
"1092" 39.41 878.09 1.59907899596283 1.63246866107563
"1093" 38.83 862.77 1.58565479848805 1.61727774177856
"1094" 38.27 844.97 1.57619477006687 1.610097307397
"1095" 37.58 830.52 1.56460366951406 1.60901993263444
"1096" 36.93 818.36 1.54970513021798 1.58947875800528
"1097" 36.35 798.39 1.53922265566442 1.57669161589753
"1098" 35.68 785.87 1.52790578828105 1.57142667691466
"1099" 35.06 772.12 1.52042615031958 1.55725886768614
"1100" 34.41 749.89 1.50427224584889 1.54459263635775
"1101" 33.82 731.57 1.49046479267318 1.53231385005059
"1102" 33.19 713.12 1.48323643959423 1.51632056779642
"1103" 32.62 691.74 1.47480330399435 1.49913042294706
"1104" 32.06 673.79 1.46833388302948 1.47267834359225
"1105" 31.42 656.11 1.45996253236265 1.45925347943597
"1106" 30.76 639.4 1.4539453775055 1.45338736230708
"1107" 30.07 616.77 1.44301612604731 1.43349058043097
"1108" 29.44 599.23 1.43002694930679 1.4191228225263
"1109" 28.76 583.57 1.40777365169587 1.4109677118424
"1110" 28.08 570.24 1.38955908290904 1.39760945863798
"1111" 27.39 555.53 1.37785388177091 1.37986019518518
"1112" 26.7 539.79 1.36274985690641 1.3662205088623
"1113" 26.03 520.26 1.35016536856964 1.34552181891664
"1114" 25.31 502.77 1.34437066157035 1.3450264408875
"1115" 24.65 485.47 1.33751698930836 1.33537310179254
"1116" 24.03 470.1 1.32348999804762 1.31632964547843
"1117" 23.35 458.46 1.31023508656802 1.30006343740032
"1118" 22.56 442.51 1.30204633279459 1.2974153432673
"1119" 21.82 427.07 1.29238527686018 1.2890198846006
"1120" 21.03 405.81 1.2821835302834 1.27174321936189
"1121" 20.29 393.34 1.26466718078892 1.26022258520224
"1122" 19.53 377.25 1.24875437480953 1.25303135387494
"1123" 18.78 360.23 1.24305924423844 1.24030289092735
"1124" 17.99 343.22 1.23568206261616 1.2286486679296
"1125" 17.13 326.09 1.22955072311462 1.21570946001483
"1126" 16.33 307.79 1.22635233288324 1.1971858160403
"1127" 15.52 289.7 1.21289663524487 1.18516650567583
"1128" 14.68 276.17 1.214505490139 1.17173477100091
"1129" 13.8 264.41 1.20207628879973 1.16980117739347
"1130" 12.93 251.51 1.18453732350894 1.16999342704861
"1131" 12.11 236.31 1.16757134296359 1.15026519777964
"1132" 11.21 214.23 1.15869449992925 1.13834408291621
"1133" 10.31 195.41 1.14759183437159 1.12434239203557
"1134" 9.42 174.28 1.14602300391654 1.10787938244911
"1135" 8.5 158.19 1.12195109586911 1.10259519129651
"1136" 7.65 138.16 1.11486908499186 1.09202415663718
"1137" 6.73 119.75 1.09868291362316 1.08551696033371
"1138" 5.81 101.98 1.08524550067405 1.07074433142361
"1139" 4.88 88.08 1.07301539612776 1.06791596358084
"1140" 3.94 71.26 1.07601699864956 1.03590171664536
"1141" 2.96 53.37 1.0478694210402 1.02385179841606
"1142" 1.99 36.3 1.02586054391251 1.00974041383023
"1143" 1 20.63 1 1
