"V1" "V2" "V3" "V4"
"1" 1 1 12.2658022310104 14.860982132006
"2" 0.999896222498962 0.995475113122172 12.2625805106195 14.8624207393887
"3" 0.999792444997924 0.990950226244344 12.2557873239871 14.8638596454235
"4" 0.999688667496887 0.986425339366516 12.2511042044103 14.8652988502034
"5" 0.999584889995849 0.981900452488688 12.2459108132144 14.8667383538216
"6" 0.999481112494811 0.97737556561086 12.2432489431964 14.8681781563711
"7" 0.999377334993773 0.972850678733032 12.2414116258501 14.8696182579449
"8" 0.999273557492736 0.968325791855204 12.2363095207444 14.8710586586364
"9" 0.999169779991698 0.963800904977376 12.2306497517765 14.8724993585386
"10" 0.99906600249066 0.959276018099548 12.2273381793885 14.8739403577448
"11" 0.998962224989622 0.95475113122172 12.2263127660941 14.8753816563484
"12" 0.998858447488584 0.950226244343891 12.2195754280405 14.8768232544426
"13" 0.998754669987547 0.945701357466063 12.2186188895279 14.8782651521207
"14" 0.998650892486509 0.941176470588235 12.2134350052853 14.8797073494762
"15" 0.998547114985471 0.936651583710407 12.2077219549801 14.8811498466025
"16" 0.998443337484433 0.932126696832579 12.201798149797 14.8825926435931
"17" 0.998339559983396 0.927601809954751 12.1959387327726 14.8840357405415
"18" 0.998235782482358 0.923076923076923 12.190295540915 14.8854791375413
"19" 0.99813200498132 0.918552036199095 12.1820146510986 14.886922834686
"20" 0.998028227480282 0.914027149321267 12.1775104872665 14.8883668320692
"21" 0.997924449979244 0.909502262443439 12.1717114381036 14.8898111297847
"22" 0.997820672478207 0.904977375565611 12.1650271674374 14.8912557279261
"23" 0.997716894977169 0.900452488687783 12.1599027845708 14.8927006265872
"24" 0.997613117476131 0.895927601809955 12.1549292161217 14.8941458258618
"25" 0.997509339975093 0.891402714932127 12.1518187904512 14.8955913258437
"26" 0.997405562474056 0.886877828054299 12.1472405653009 14.8970371266267
"27" 0.997301784973018 0.882352941176471 12.1393711983352 14.8984832283049
"28" 0.99719800747198 0.877828054298643 12.1348480142177 14.899929630972
"29" 0.997094229970942 0.873303167420814 12.1281748998659 14.9013763347221
"30" 0.996990452469904 0.868778280542986 12.1224303581788 14.9028233396492
"31" 0.996886674968867 0.864253393665158 12.1146814719044 14.9042706458474
"32" 0.996782897467829 0.85972850678733 12.1070566830295 14.9057182534107
"33" 0.996679119966791 0.855203619909502 12.0995553819565 14.9071661624333
"34" 0.996575342465753 0.850678733031674 12.0958564808573 14.9086143730094
"35" 0.996471564964716 0.846153846153846 12.0876675342885 14.9100628852333
"36" 0.996367787463678 0.841628959276018 12.083237114847 14.911511699199
"37" 0.99626400996264 0.83710407239819 12.0746785166448 14.912960815001
"38" 0.996160232461602 0.832579185520362 12.0660868624833 14.9144102327336
"39" 0.996056454960564 0.828054298642534 12.0594453326338 14.9158599524911
"40" 0.995952677459527 0.823529411764706 12.0509924508055 14.917309974368
"41" 0.995848899958489 0.819004524886878 12.0481645618995 14.9187602984587
"42" 0.995745122457451 0.81447963800905 12.0429539584417 14.9202109248577
"43" 0.995641344956413 0.809954751131222 12.0344621611612 14.9216618536595
"44" 0.995537567455376 0.805429864253394 12.0311973661372 14.9231130849588
"45" 0.995433789954338 0.800904977375566 12.0275457236362 14.9245646188501
"46" 0.9953300124533 0.796380090497738 12.0247640272946 14.926016455428
"47" 0.995226234952262 0.791855203619909 12.0166725861736 14.9274685947872
"48" 0.995122457451225 0.787330316742081 12.0116939123593 14.9289210370226
"49" 0.995018679950187 0.782805429864253 12.0084947766237 14.9303737822288
"50" 0.994914902449149 0.778280542986425 12.0019049937032 14.9318268305006
"51" 0.994811124948111 0.773755656108597 11.9987213715152 14.933280181933
"52" 0.994707347447073 0.769230769230769 11.9927713129715 14.9347338366207
"53" 0.994603569946036 0.764705882352941 11.9884137047114 14.9361877946588
"54" 0.994499792444998 0.760180995475113 11.9848124709699 14.9376420561421
"55" 0.99439601494396 0.755656108597285 11.9764490974279 14.9390966211657
"56" 0.994292237442922 0.751131221719457 11.9703130773315 14.9405514898246
"57" 0.994188459941885 0.746606334841629 11.963965954903 14.942006662214
"58" 0.994084682440847 0.742081447963801 11.9617689726309 14.9434621384288
"59" 0.993980904939809 0.737556561085973 11.9568559707198 14.9449179185644
"60" 0.993877127438771 0.733031674208145 11.9517598592969 14.9463740027158
"61" 0.993773349937733 0.728506787330317 11.9437637380318 14.9478303909785
"62" 0.993669572436696 0.723981900452489 11.9386955878772 14.9492870834475
"63" 0.993565794935658 0.719457013574661 11.9337422395376 14.9507440802183
"64" 0.993410128684101 0.714932126696833 11.9238665043273 14.9529301461488
"65" 0.993254462432545 0.710407239819005 11.9125369048435 14.9551168972949
"66" 0.993098796180988 0.705882352941177 11.904894578187 14.9573043339788
"67" 0.992943129929431 0.701357466063348 11.8972578059575 14.9594924565228
"68" 0.992787463677875 0.69683257918552 11.8894645587689 14.9616812652495
"69" 0.992631797426318 0.692307692307692 11.8819741546437 14.9638707604819
"70" 0.992476131174761 0.687782805429864 11.8743817582639 14.966060942543
"71" 0.992320464923205 0.683257918552036 11.864706319328 14.9682518117559
"72" 0.992164798671648 0.678733031674208 11.8622791080794 14.9704433684441
"73" 0.992009132420091 0.67420814479638 11.851685126126 14.9726356129312
"74" 0.991801577418016 0.669683257918552 11.8378114484718 14.9753504053583
"75" 0.99159402241594 0.665158371040724 11.8259603529665 14.9780663342763
"76" 0.991386467413865 0.660633484162896 11.81472900326 14.9807834003988
"77" 0.991178912411789 0.656108597285068 11.8026041946536 14.9835016044403
"78" 0.990971357409714 0.65158371040724 11.7927071320958 14.9862209471159
"79" 0.990763802407638 0.647058823529412 11.7833985280659 14.9891509190332
"80" 0.990556247405562 0.642533936651584 11.7742444691827 14.9918725850193
"81" 0.990348692403487 0.638009049773756 11.765469339571 14.9948049695075
"82" 0.990141137401411 0.633484162895928 11.7549042415871 14.997738583378
"83" 0.989933582399336 0.6289592760181 11.7438385609991 15.0006734274043
"84" 0.98972602739726 0.624434389140271 11.7367816849932 15.003399792808
"85" 0.989518472395185 0.619909502262443 11.7241248791979 15.0061273019412
"86" 0.98925902864259 0.615384615384615 11.709930597146 15.0095487537109
"87" 0.988999584889996 0.610859728506787 11.7001260661251 15.0129720005759
"88" 0.988740141137401 0.606334841628959 11.6868659605005 15.0166489808962
"89" 0.988480697384807 0.601809954751131 11.6809672364108 15.0203278913899
"90" 0.988221253632213 0.597285067873303 11.6713257960327 15.0237566643453
"91" 0.987961809879618 0.592760180995475 11.6534035171583 15.0271872381268
"92" 0.987702366127024 0.588235294117647 11.6432541910507 15.0308718158096
"93" 0.987442922374429 0.583710407239819 11.6376905206215 15.0345583296866
"94" 0.987183478621835 0.579185520361991 11.6303693220712 15.0379944470651
"95" 0.98692403486924 0.574660633484163 11.6145621787909 15.0414323710249
"96" 0.986664591116646 0.570135746606335 11.6027730235341 15.0448721029909
"97" 0.986353258613533 0.565610859728507 11.5871234562611 15.0486739459399
"98" 0.986041926110419 0.561085972850679 11.581423493874 15.053109668914
"99" 0.985730593607306 0.556561085972851 11.565013660914 15.0575481938397
"100" 0.985419261104193 0.552036199095023 11.5474067733831 15.0613576451146
"101" 0.98505603985056 0.547511312217195 11.5388388821791 15.066542511503
"102" 0.984692818596928 0.542986425339366 11.5221221108604 15.0710149678255
"103" 0.984329597343296 0.538461538461538 11.5092384927764 15.0754907248538
"104" 0.983966376089664 0.53393665158371 11.4942359303838 15.0799697862432
"105" 0.983551266085513 0.529411764705882 11.4787539900826 15.0859122688752
"106" 0.983136156081362 0.524886877828054 11.4657308597672 15.0918597697012
"107" 0.98272104607721 0.520361990950226 11.4473945278173 15.0965450687222
"108" 0.982305936073059 0.515837104072398 11.4271515598452 15.1016775575639
"109" 0.981890826068908 0.51131221719457 11.4131716067224 15.1076392666196
"110" 0.981423827314238 0.506787330316742 11.3935862171588 15.1140198764479
"111" 0.980956828559568 0.502262443438914 11.3698702669972 15.1199274671805
"112" 0.980489829804898 0.497737556561086 11.3528703281013 15.1262288226542
"113" 0.980022831050228 0.493212669683258 11.3293914944557 15.1315634999763
"114" 0.979503943545039 0.48868778280543 11.3028361111672 15.1369306470335
"115" 0.978985056039851 0.484162895927602 11.2766363943449 15.1434315134985
"116" 0.978466168534662 0.479638009049774 11.2572934289361 15.1504227103004
"117" 0.977947281029473 0.475113122171946 11.2398860835559 15.1579307607648
"118" 0.977376504773765 0.470588235294118 11.2156491589534 15.1656196588857
"119" 0.976805728518057 0.46606334841629 11.185501696966 15.1721749166353
"120" 0.97623495226235 0.461538461538462 11.1677899303504 15.1804609761699
"121" 0.975664176006642 0.457013574660633 11.1514367753438 15.18875673061
"122" 0.975093399750934 0.452488687782805 11.1210902782701 15.1959459787247
"123" 0.974470734744707 0.447963800904977 11.0889523598671 15.2038990053731
"124" 0.973848069738481 0.443438914027149 11.0711080086666 15.2129807822308
"125" 0.973173515981735 0.438914027149321 11.0453937461089 15.2202106747342
"126" 0.97249896222499 0.434389140271493 11.0368468000589 15.230074229252
"127" 0.971824408468244 0.429864253393665 11.0184021586175 15.2399514765679
"128" 0.971149854711499 0.425339366515837 10.9898120102207 15.2498424452148
"129" 0.970475300954753 0.420814479638009 10.9681967072305 15.2585293856712
"130" 0.969800747198007 0.416289592760181 10.9442623279717 15.2659643047137
"131" 0.969074304690743 0.411764705882353 10.9209466366541 15.2745112694865
"132" 0.968347862183479 0.407239819004525 10.8861758063677 15.2823493251627
"133" 0.967621419676214 0.402714932126697 10.8536312252132 15.2901991496912
"134" 0.966843088418431 0.398190045248869 10.8337158632326 15.3017030936211
"135" 0.966064757160648 0.393665158371041 10.8016185074512 15.3123002869865
"136" 0.965286425902864 0.389140271493213 10.7636720405034 15.3222602146005
"137" 0.964508094645081 0.384615384615385 10.7283318805128 15.3325376927515
"138" 0.963729763387298 0.380090497737557 10.6937871958154 15.3401714696697
"139" 0.962899543378995 0.375565610859729 10.6531482652959 15.3474731712761
"140" 0.962069323370693 0.3710407239819 10.6467749191022 15.3598543573362
"141" 0.961187214611872 0.366515837104072 10.6012354928978 15.36870973858
"142" 0.960305105853051 0.361990950226244 10.5698494299679 15.3804311017109
"143" 0.95942299709423 0.357466063348416 10.5392128798706 15.3928870889523
"144" 0.958540888335409 0.352941176470588 10.5150125628533 15.403995108307
"145" 0.957606890826069 0.34841628959276 10.4687968186301 15.4155244629786
"146" 0.956569115815691 0.343891402714932 10.4185068045614 15.4238858214948
"147" 0.955479452054795 0.339366515837104 10.4017483724677 15.4403353491505
"148" 0.954337899543379 0.334841628959276 10.3642776182284 15.456882842635
"149" 0.953196347031963 0.330316742081448 10.3193991718334 15.4648342615996
"150" 0.95195101701951 0.32579185520362 10.2686475808011 15.4811993472467
"151" 0.950653798256538 0.321266968325792 10.2318138588604 15.4994051226725
"152" 0.949356579493566 0.316742081447964 10.1938708456769 15.5171938711035
"153" 0.948059360730594 0.312217194570136 10.1413066691126 15.5236451748795
"154" 0.946710253217103 0.307692307692308 10.1416057407956 15.5443420657837
"155" 0.945257368202574 0.30316742081448 10.0910580424306 15.5538834241996
"156" 0.943752594437526 0.298642533936652 10.0302020852241 15.567296160314
"157" 0.942247820672478 0.294117647058824 9.97235661683818 15.5846474824817
"158" 0.94074304690743 0.289592760180996 9.92156828025242 15.5996785551059
"159" 0.939186384391864 0.285067873303167 9.87932200669582 15.6178856909248
"160" 0.937577833125778 0.280542986425339 9.83666284309496 15.6401437072975
"161" 0.935969281859693 0.276018099547511 9.79745758018702 15.6640908209572
"162" 0.934360730593607 0.271493212669683 9.74946591030624 15.6771874809169
"163" 0.932648401826484 0.266968325791855 9.6846195512339 15.6944607889087
"164" 0.930936073059361 0.262443438914027 9.62829098259354 15.7075905291013
"165" 0.9291199667912 0.257918552036199 9.56672183424439 15.7226185841918
"166" 0.927303860523039 0.253393665158371 9.52631562487392 15.7467026225667
"167" 0.925435865504359 0.248868778280543 9.47116991481332 15.7667145022589
"168" 0.92351598173516 0.244343891402715 9.41139729308401 15.7877802127764
"169" 0.921492320464923 0.239819004524887 9.33301826899795 15.8100619720869
"170" 0.919468659194687 0.235294117647059 9.29237414596581 15.8426574809419
"171" 0.91744499792445 0.230769230769231 9.21463534999291 15.8411203380479
"172" 0.915317559153176 0.226244343891403 9.18812515452036 15.8756150055002
"173" 0.913138231631382 0.221719457013575 9.10401611524663 15.891936886372
"174" 0.91090701535907 0.217194570135747 9.0277186660771 15.9050026577711
"175" 0.908312577833126 0.212669683257919 8.94020785290072 15.922609397431
"176" 0.905562474055625 0.208144796380091 8.9133020034737 15.9679278880375
"177" 0.902812370278124 0.203619909502262 8.83352419298174 15.9772559607181
"178" 0.899958488999585 0.199095022624434 8.7496886237313 16.016563444435
"179" 0.896845163968452 0.194570135746606 8.64412919099282 16.0515145076401
"180" 0.893731838937318 0.190045248868778 8.54819655142088 16.0585439228947
"181" 0.89041095890411 0.18552036199095 8.42521891282802 16.0573660191338
"182" 0.886882523868825 0.180995475113122 8.34066917078062 16.1084054610171
"183" 0.883094645080946 0.176470588235294 8.24585500646617 16.1613534409863
"184" 0.87920298879203 0.171945701357466 8.16001650146221 16.204600155983
"185" 0.875103777501038 0.167420814479638 8.04405226339914 16.2306461842102
"186" 0.871004566210046 0.16289592760181 8.00075422794201 16.3023262180809
"187" 0.866853466168535 0.158371040723982 7.88164156312047 16.3527930735032
"188" 0.862650477376505 0.153846153846154 7.75291040024493 16.3812421622455
"189" 0.858395599833956 0.149321266968326 7.69497531808409 16.4487775482971
"190" 0.854036944790369 0.144796380090498 7.62750594162121 16.5054798547668
"191" 0.849522623495226 0.14027149321267 7.48928448700901 16.5463069974194
"192" 0.844437525944375 0.135746606334842 7.33431003967673 16.5261758127132
"193" 0.839196762141968 0.131221719457014 7.19328644420943 16.5583800245907
"194" 0.833644665836447 0.126696832579186 7.10762287460915 16.6391361778741
"195" 0.828092569530926 0.122171945701357 7.03185667360442 16.7125987686103
"196" 0.822540473225405 0.117647058823529 6.97105382960244 16.8081629170964
"197" 0.816936488169365 0.113122171945701 6.82232088870046 16.7547244188042
"198" 0.811176836861768 0.108597285067873 6.76760456547336 16.8659183101135
"199" 0.805313408053134 0.104072398190045 6.67176709907128 16.9417165427007
"200" 0.799346201743462 0.0995475113122172 6.60656535156549 17.0483401452654
"201" 0.79337899543379 0.0950226244343891 6.44900405315932 16.9978219925163
"202" 0.787359900373599 0.0904977375565611 6.29298686663797 16.9887360341036
"203" 0.779732254047322 0.085972850678733 6.23542274326741 17.0973732853999
"204" 0.771793275217933 0.081447963800905 6.08366725336797 17.2114699281069
"205" 0.762453300124533 0.0769230769230769 5.96160052829538 17.376491858017
"206" 0.752957658779577 0.0723981900452489 5.76333698724949 17.4458000351976
"207" 0.742943129929431 0.0678733031674208 5.63894816473854 17.6100339667481
"208" 0.732928601079286 0.0633484162895928 5.6573844236906 17.8289893840078
"209" 0.722550850975509 0.0588235294117647 5.43469808768448 17.8827955405274
"210" 0.709163553341635 0.0542986425339367 5.17776763831478 17.9935685244747
"211" 0.695153590701536 0.0497737556561086 5.11334840049996 18.3163147974471
"212" 0.673723536737235 0.0452488687782805 4.76711392827389 18.3139290701797
"213" 0.648713158987132 0.0407239819004525 4.58736766211554 18.770264913897
"214" 0.608395599833956 0.0361990950226244 4.33929554828285 19.6361258075133
"215" 0.565691158156912 0.0316742081447964 4.16170409716928 20.4370404693082
"216" 0.512038190120382 0.0271493212669683 3.8636093517798 21.1824119694488
"217" 0.455738895807389 0.0226244343891403 3.19118877241388 21.1302960107658
"218" 0.384547530095475 0.0180995475113122 2.48944908316523 20.0641860298868
"219" 0.301577418015774 0.0135746606334842 1.77076739425875 19.2328476349692
"220" 0.21736197592362 0.00904977375565611 1.14143283765422 18.0944886750585
"221" 0.127179327521793 0.00452488687782805 0 0
