"V1" "V2" "V3" "V4"
"1" 221 19272 14.860982132006 12.2658022310104
"2" 220 19207.18 14.8704355432699 12.2216256053995
"3" 219 19107.33 14.8678835143847 12.1797520276838
"4" 218 19005 14.8590153682025 12.1229836826488
"5" 217 18902.1 14.8484913387114 12.0543900611781
"6" 216 18860.2 14.8566261980728 12.0130943683972
"7" 215 18718.91 14.8712010480118 11.9502391930314
"8" 214 18642.55 14.8682647925057 11.897359496521
"9" 213 18588.42 14.8690978371762 11.848212044411
"10" 212 18527.7 14.8733769590579 11.8156498232827
"11" 211 18416.98 14.8359607129822 11.7569621285053
"12" 210 18308.16 14.8290263523592 11.6986214295619
"13" 209 18229.51 14.8416977979517 11.6443376013705
"14" 208 18172.5 14.8417077893937 11.6037463315065
"15" 207 18068.5 14.8613674842375 11.5748214759911
"16" 206 18019.57 14.8661013796279 11.523156968956
"17" 205 17941.56 14.8933837191405 11.4854598028658
"18" 204 17835.08 14.885964220493 11.4445786341349
"19" 203 17761.74 14.8853554639543 11.3860252436619
"20" 202 17601.94 14.8383266824185 11.3469276525563
"21" 201 17509.47 14.8271316709693 11.2912667199301
"22" 200 17403.5 14.8099340032445 11.2386361523565
"23" 199 17326.32 14.8168143339267 11.2114890050014
"24" 198 17244.95 14.7915034318103 11.1595232371772
"25" 197 17146.88 14.7960116092107 11.1020360906465
"26" 196 17069.12 14.8021710371133 11.0618170072495
"27" 195 16945 14.7885170401204 10.9934227451171
"28" 194 16841.68 14.7875404991519 10.9343992660273
"29" 193 16749.02 14.7604548855083 10.8773013661694
"30" 192 16680.18 14.752967773396 10.8176542637669
"31" 191 16610.29 14.7617109789893 10.7729258550076
"32" 190 16494.83 14.751021832942 10.7127287848667
"33" 189 16397.46 14.7159262134942 10.6570810301114
"34" 188 16328.71 14.7313012266223 10.6139485128171
"35" 187 16234.15 14.7434508496382 10.5602012518522
"36" 186 16129.08 14.7095444168279 10.5056930113959
"37" 185 16022.53 14.6944574070302 10.4579539577675
"38" 184 15927.83 14.7176374681327 10.4336351192997
"39" 183 15871.59 14.7183576031361 10.3853016332151
"40" 182 15782.65 14.7103282194493 10.3327509717015
"41" 181 15664.26 14.7017612081072 10.2596924821276
"42" 180 15575.71 14.6957829406962 10.2001279955238
"43" 179 15494.43 14.7132009205927 10.1589617528414
"44" 178 15416.97 14.708612190029 10.1157269708112
"45" 177 15350.22 14.7305543827096 10.0810212803152
"46" 176 15273.29 14.7297164769008 10.02692800401
"47" 175 15191.62 14.7286401332385 9.97075724345196
"48" 174 15110.06 14.733918853925 9.92471672230479
"49" 173 15085.03 14.7465788268302 9.88515008033129
"50" 172 14969.08 14.7482810552142 9.82541149985866
"51" 171 14902.05 14.7659564289182 9.79633754861798
"52" 170 14808.12 14.7778911712325 9.74218535397717
"53" 169 14722.9 14.7812053602267 9.68852799350776
"54" 168 14626.91 14.784103269084 9.63522922576212
"55" 167 14493.77 14.7863963103283 9.58958483683613
"56" 166 14410.8 14.796076820716 9.52358792303998
"57" 165 14315.3 14.775330264402 9.45611126537646
"58" 164 14230 14.7462441340644 9.39375904534987
"59" 163 14135.64 14.7622551165309 9.34057859717319
"60" 162 14052.33 14.7529597396378 9.29219829391961
"61" 161 13973.13 14.7431679274693 9.23557857410333
"62" 160 13926 14.7329419308682 9.19398728167914
"63" 159 13767.1 14.7041845530324 9.13009057670003
"64" 158 13704.79 14.7097982416751 9.08889330730641
"65" 157 13641.89 14.720563391263 9.04355138280519
"66" 156 13607.78 14.7410655626613 8.9933096006395
"67" 155 13541.16 14.7449364974644 8.94791970214778
"68" 154 13467.78 14.7621967960458 8.90702579267899
"69" 153 13352.71 14.7740703664195 8.85977213765278
"70" 152 13237.83 14.7459814025939 8.80533733115745
"71" 151 13143.85 14.7341219456125 8.73612494122317
"72" 150 13076.62 14.7526336144183 8.67542760165556
"73" 149 12963.57 14.7527415207514 8.60818157328626
"74" 148 12889.79 14.7551524051882 8.56035560499352
"75" 147 12738.93 14.697869281396 8.48190435351124
"76" 146 12595.49 14.6720582166856 8.39841374590028
"77" 145 12539.26 14.6702496580139 8.3396404490146
"78" 144 12409.99 14.6663025217724 8.3058152478014
"79" 143 12336.19 14.6897825151514 8.23776302167047
"80" 142 12293.04 14.7179463257426 8.19507184980076
"81" 141 12251.96 14.7405584906351 8.15513319283282
"82" 140 12154.66 14.7632101353726 8.11002680906334
"83" 139 12043.96 14.7579536267415 8.0430070193492
"84" 138 11922.47 14.7281817209411 7.99608395563309
"85" 137 11827.02 14.7112892578869 7.95442899864153
"86" 136 11727.26 14.6945526724601 7.89410538682593
"87" 135 11634.81 14.7062260890705 7.84588145723411
"88" 134 11542.42 14.6997542988247 7.79352183304696
"89" 133 11452.81 14.7312374395121 7.72860550422447
"90" 132 11346.13 14.7157004384863 7.65424928420386
"91" 131 11269.3 14.7296318589795 7.62446772153968
"92" 130 11187.09 14.7403800653436 7.58697918162253
"93" 129 11099.96 14.7133564903126 7.53020546490807
"94" 128 10993.03 14.6759981905644 7.47788117590829
"95" 127 10938.76 14.6745192205793 7.42269341856196
"96" 126 10842.15 14.6460738160732 7.37760879287337
"97" 125 10732.92 14.6469985820783 7.32516640742547
"98" 124 10655.07 14.6535619960126 7.26685183788032
"99" 123 10559.63 14.670728852679 7.23061266249591
"100" 122 10490.95 14.6704054370453 7.17924840369035
"101" 121 10421.9 14.6793900220072 7.12046109160946
"102" 120 10301.71 14.6592205811177 7.05073677508261
"103" 119 10258.74 14.685631005535 6.99999569205825
"104" 118 10169.9 14.6794051307863 6.93997971527225
"105" 117 10110.09 14.6728304539009 6.88988712570675
"106" 116 10027.4 14.6462769326742 6.84426844845837
"107" 115 9920.71 14.6653441252088 6.7948734626826
"108" 114 9830.42 14.6715483885731 6.74556232257151
"109" 113 9740.94 14.705445812501 6.70275305771474
"110" 112 9680.32 14.7026178828924 6.64919000007349
"111" 111 9613 14.715621867133 6.60515380828561
"112" 110 9532.55 14.7511243081831 6.5493994833003
"113" 109 9483.93 14.7839105441967 6.51323809914309
"114" 108 9423.92 14.791002389522 6.45586233231782
"115" 107 9334.61 14.7292402091999 6.41242620424238
"116" 106 9278.77 14.7289946340289 6.37230421545072
"117" 105 9147.33 14.692861998263 6.33686021439006
"118" 104 9066.31 14.6385351923666 6.30893695875353
"119" 103 8987.33 14.6844366783054 6.26327193634033
"120" 102 8890.9 14.7171205569209 6.19748388218798
"121" 101 8709.87 14.6209355483119 6.12102313144497
"122" 100 8656.8 14.6254097483967 6.07715110266438
"123" 99 8546.08 14.6127886108581 6.01113803514451
"124" 98 8405.17 14.4805563150515 5.9516419337743
"125" 97 8319.62 14.4484091036894 5.9185311508707
"126" 96 8241.97 14.4382436854704 5.85773337332276
"127" 95 8145.14 14.442918041167 5.79729230360083
"128" 94 8060.51 14.4425670613415 5.73919363462967
"129" 93 7968.7 14.4722099261868 5.70684657567902
"130" 92 7922.81 14.4906348015549 5.66210047543162
"131" 91 7787.01 14.3615020060628 5.5989518149277
"132" 90 7736.95 14.3740103451382 5.55049791225727
"133" 89 7638.4 14.362393038895 5.50909299861656
"134" 88 7568.56 14.3859873933322 5.45448672943742
"135" 87 7476.79 14.3103342715476 5.42403413328064
"136" 86 7395.64 14.2881297112201 5.37941451280765
"137" 85 7314.17 14.3114368781146 5.34117846949394
"138" 84 7209.38 14.3327342761005 5.28842099190814
"139" 83 7138.74 14.3306925501338 5.24401477776879
"140" 82 7081.56 14.3291107236813 5.19307729631192
"141" 81 6961.37 14.2769034136765 5.14141383092927
"142" 80 6872.74 14.2761944691231 5.09634051750714
"143" 79 6751.47 14.2184243455343 5.07137538767866
"144" 78 6631.67 14.1424612345487 5.02274367575285
"145" 77 6558.97 14.1098458537845 4.98641873325048
"146" 76 6451.31 14.0664590996348 4.95986865178707
"147" 75 6364.01 14.072863309782 4.89594056473907
"148" 74 6250.23 14.0678995953567 4.86062624240476
"149" 73 6154.43 14.0472439873734 4.80235909668017
"150" 72 6063.31 14.0048287347795 4.74672722920029
"151" 71 5978.53 14.0000267069216 4.68716886408014
"152" 70 5936.04 14.0278860402728 4.62563053908814
"153" 69 5855.17 14.0545314403333 4.58559057010451
"154" 68 5793 13.9979498339744 4.55246508193191
"155" 67 5686.96 13.9058714055419 4.51317276638925
"156" 66 5614.28 13.9176627705384 4.46150761001325
"157" 65 5522 13.9508712962371 4.41286631302341
"158" 64 5382.85 13.9184298321775 4.34712454332072
"159" 63 5266.14 13.7392267637317 4.29738632551722
"160" 62 5155.75 13.680584685784 4.24683005825346
"161" 61 5076.23 13.768002516587 4.19947092484507
"162" 60 4982.09 13.6887686012753 4.13112447851841
"163" 59 4901.54 13.6862626825946 4.09131456227157
"164" 58 4808.58 13.6807528590821 4.02530698683341
"165" 57 4719.15 13.6365208131352 3.99429961265675
"166" 56 4568.99 13.4643992221948 3.94934731888459
"167" 55 4462.08 13.3294546569076 3.90327117125573
"168" 54 4385.83 13.3351277278169 3.84665779355636
"169" 53 4333.27 13.4033057698024 3.80031342556059
"170" 52 4272.41 13.4208377866093 3.74718987827495
"171" 51 4201.38 13.4578387865279 3.68589761784244
"172" 50 4064.9 13.3392321456029 3.67368199663174
"173" 49 3985.92 13.2804149962836 3.6294866151168
"174" 48 3893.46 13.1194966848163 3.57236789568409
"175" 47 3816.61 13.1586391049262 3.53121768623399
"176" 46 3715.65 13.1627841917103 3.48129513594853
"177" 45 3612.42 13.1564947708818 3.42325123993164
"178" 44 3513.89 13.139907157266 3.37353270957257
"179" 43 3456.04 13.0849507934516 3.32513102727573
"180" 42 3354.68 13.0096923943934 3.26884218239423
"181" 41 3279.85 13.023130649585 3.21387093099231
"182" 40 3201.37 13.0746528326334 3.15580828810976
"183" 39 3099.36 13.0571989453993 3.09419825454895
"184" 38 3036.13 13.0651699377118 3.02194439315558
"185" 37 2970.02 13.0823903275309 2.96769472695446
"186" 36 2929.83 13.165077087888 2.90578866657391
"187" 35 2893.61 13.212886300279 2.85128334147689
"188" 34 2824.06 13.2980222008042 2.80644423885561
"189" 33 2699.09 13.1989474980318 2.72581180818053
"190" 32 2544.02 12.9951512624668 2.68858927028647
"191" 31 2432.21 12.8564938541906 2.6457875351473
"192" 30 2312.65 12.693927434138 2.62254092995922
"193" 29 2236.43 12.5725644837273 2.55990115483856
"194" 28 2155.44 12.5065973260441 2.51696410831139
"195" 27 2117.94 12.5695109970411 2.46145950135214
"196" 26 2054.84 12.6912162579849 2.40886960032976
"197" 25 1956.05 12.559620378105 2.36610281484759
"198" 24 1885.19 12.5653826834887 2.32271023191419
"199" 23 1812.66 12.4346183736157 2.25314427312657
"200" 22 1722.85 12.337597154387 2.21804827030532
"201" 21 1646.66 12.3120054776589 2.15724116425396
"202" 20 1584.52 12.3913737756633 2.091065561335
"203" 19 1522.28 12.1974811533801 2.0427363101396
"204" 18 1439.15 12.0143657621179 2.01475629414133
"205" 17 1396.48 11.9585154352485 1.95796502415165
"206" 16 1294.2 11.8010686739052 1.92122651378652
"207" 15 1225.24 11.572892710431 1.84395377418457
"208" 14 1110.8 11.1891940665323 1.79003763797352
"209" 13 1081.58 11.1924252550797 1.74088452664114
"210" 12 939.97 10.5066835462747 1.66781627378666
"211" 11 836.46 10.261236452683 1.60183053303467
"212" 10 748.49 10.1597095783539 1.53474617897814
"213" 9 647.67 9.88555856499483 1.47549439760784
"214" 8 604.43 9.54028683414387 1.4154500134524
"215" 7 518.44 9.08016086699 1.34935424450854
"216" 6 381.57 8.01125066163102 1.2890906384066
"217" 5 333.65 7.73700834703053 1.24994524327857
"218" 4 243.64 7.16134705093367 1.17388770229184
"219" 3 211.7 6.75420480256167 1.11640722589149
"220" 2 178.41 5.91227523924382 1.07933571414135
"221" 0 0 0 0
