"V1" "V2" "V3"
"1" 221 19272 0.355766051973841
"2" 220.93 19252.05 0.355990641444221
"3" 220.86 19234.43 0.356247982098922
"4" 220.77 19208.58 0.356520799445419
"5" 220.66 19194.58 0.356691375887713
"6" 220.57 19184.31 0.356890156093825
"7" 220.51 19166.43 0.357102453347081
"8" 220.41 19149.57 0.357279670827139
"9" 220.3 19128.56 0.35746918119429
"10" 220.24 19108.53 0.357646028848045
"11" 220.1 19090.21 0.357809030775334
"12" 220.06 19073.11 0.358133869558734
"13" 219.97 19061.11 0.358353124136368
"14" 219.88 19045.78 0.358551701328496
"15" 219.82 19027.01 0.358691591947353
"16" 219.77 19011.34 0.358956902101356
"17" 219.64 18998.3 0.359162965939404
"18" 219.58 18984.54 0.359416357952149
"19" 219.53 18965.97 0.359610617282909
"20" 219.38 18953.53 0.359806340284169
"21" 219.27 18937.37 0.360012841457776
"22" 219.16 18921.19 0.360279722531117
"23" 219.06 18901.62 0.360467872379154
"24" 218.95 18886.3 0.360748669725295
"25" 218.85 18871.62 0.360924177843307
"26" 218.74 18851.16 0.361211674111192
"27" 218.65 18838.71 0.361433958461611
"28" 218.57 18818.84 0.361735229633687
"29" 218.44 18805.81 0.361846475465386
"30" 218.36 18789.63 0.361985801725404
"31" 218.25 18774.02 0.36211479838515
"32" 218.21 18757.02 0.36233155610918
"33" 218.13 18740.87 0.362536823404976
"34" 218.05 18729.23 0.362747995958247
"35" 217.95 18719.37 0.363000513231038
"36" 217.83 18703.59 0.363086611715939
"37" 217.74 18691.95 0.363326936649216
"38" 217.63 18676.54 0.363533898600992
"39" 217.51 18664.63 0.363740697609661
"40" 217.36 18640.48 0.363902648309903
"41" 217.25 18625.26 0.364150164972907
"42" 217.18 18610.06 0.364359625815962
"43" 217.08 18587.84 0.364580629993391
"44" 216.98 18575.68 0.364792709003328
"45" 216.86 18560.41 0.365037244873033
"46" 216.78 18548.74 0.365248918128616
"47" 216.69 18533.71 0.365458849218847
"48" 216.58 18522.22 0.365661292105438
"49" 216.46 18505.2 0.365868714495222
"50" 216.35 18486.3 0.366226639494647
"51" 216.23 18472.6 0.366303276717945
"52" 216.14 18452.28 0.366615340639327
"53" 216.05 18433.64 0.366826097202497
"54" 215.98 18419.94 0.367050287256063
"55" 215.88 18407.78 0.36729233131026
"56" 215.8 18388.77 0.36746200211087
"57" 215.68 18366.37 0.367611305272968
"58" 215.6 18352.26 0.36783304351139
"59" 215.53 18335.86 0.368056526232407
"60" 215.45 18318.96 0.368389272181843
"61" 215.35 18293.62 0.368652960839085
"62" 215.28 18278.25 0.369031494887457
"63" 215.21 18261.77 0.369300895476599
"64" 215.11 18246.18 0.369545820517494
"65" 215 18231.07 0.369746217301051
"66" 214.91 18214.81 0.370033525995838
"67" 214.83 18190.36 0.370415072386753
"68" 214.77 18165.5 0.370602214590325
"69" 214.67 18151.68 0.370826992434785
"70" 214.6 18133.48 0.371043059991051
"71" 214.53 18107.18 0.371122782775812
"72" 214.4 18090.01 0.371328203550291
"73" 214.28 18074.7 0.37149217042893
"74" 214.19 18057.13 0.371862607952239
"75" 214.11 18042.66 0.372083990656696
"76" 214 18023.81 0.372383005499642
"77" 213.92 18011.25 0.37255896338536
"78" 213.81 17993.91 0.372555091081293
"79" 213.75 17977.47 0.37288641542911
"80" 213.68 17960.99 0.373159944209203
"81" 213.61 17945.92 0.373455884462571
"82" 213.46 17930.86 0.373608650272091
"83" 213.38 17917.85 0.373874279364946
"84" 213.33 17902.07 0.37424312590916
"85" 213.29 17884.57 0.374477811204742
"86" 213.17 17871.74 0.374716644571936
"87" 213.1 17858.28 0.374865349317372
"88" 213.01 17842.55 0.374974922165472
"89" 212.9 17825.28 0.37513604213526
"90" 212.82 17808.48 0.375388942837062
"91" 212.7 17791.21 0.375571396621998
"92" 212.55 17777.2 0.375767927434363
"93" 212.46 17762.43 0.376072135871894
"94" 212.39 17743.66 0.376236674004008
"95" 212.26 17722.84 0.376417525947109
"96" 212.17 17697.26 0.376706109778506
"97" 212.08 17679.45 0.376906124417905
"98" 211.98 17661.68 0.377222986626397
"99" 211.85 17648.92 0.377485154956418
"100" 211.78 17633.34 0.377756775072959
"101" 211.7 17617.97 0.377887881410172
"102" 211.57 17600.84 0.378190541897058
"103" 211.48 17589.56 0.378399717073134
"104" 211.38 17574.18 0.378649999092045
"105" 211.3 17559.01 0.37885610105025
"106" 211.19 17541.59 0.379132291036325
"107" 211.12 17522.14 0.379340169316312
"108" 211.03 17506.11 0.379626907115207
"109" 210.92 17490.92 0.379816568891294
"110" 210.85 17476.62 0.380057107354139
"111" 210.72 17467.77 0.380285334683948
"112" 210.64 17449.99 0.380422744839239
"113" 210.58 17432.69 0.380722015749593
"114" 210.39 17420.12 0.380834824559199
"115" 210.29 17405.8 0.381015953200176
"116" 210.24 17387.69 0.381344341119526
"117" 210.15 17378.06 0.381565877949359
"118" 210.06 17364.19 0.381804546177207
"119" 209.99 17340.37 0.382044274896273
"120" 209.87 17326.26 0.382310275225265
"121" 209.76 17303.91 0.382602622635418
"122" 209.69 17292.83 0.382807968340611
"123" 209.59 17276.19 0.383040576312214
"124" 209.53 17247.74 0.383215731998683
"125" 209.45 17234.34 0.383487436227764
"126" 209.37 17213.64 0.38370020992273
"127" 209.32 17199.6 0.384015619126711
"128" 209.26 17175.02 0.384302845713613
"129" 209.23 17155.24 0.384476959467099
"130" 209.19 17137.68 0.384891150568308
"131" 209.12 17123.47 0.38522126522649
"132" 209.03 17111.7 0.385352863196939
"133" 208.94 17100.38 0.385620348595596
"134" 208.84 17088.05 0.385900922159256
"135" 208.74 17074.55 0.386193803399221
"136" 208.67 17058.45 0.386491675287064
"137" 208.58 17035.65 0.386759963749201
"138" 208.46 17013.62 0.386941465419278
"139" 208.33 16996.37 0.387213953229085
"140" 208.26 16976.35 0.38753733331685
"141" 208.17 16959.15 0.387883840761644
"142" 208.1 16945.73 0.388138117653968
"143" 208.02 16930.44 0.388503804769702
"144" 207.91 16909.46 0.388652594445056
"145" 207.85 16892.92 0.388893587453775
"146" 207.75 16881.53 0.389125207160877
"147" 207.66 16866.8 0.389375520772447
"148" 207.54 16854.54 0.389627299779329
"149" 207.38 16839.4 0.38974530762381
"150" 207.24 16821.53 0.390008380905045
"151" 207.12 16805.79 0.390276864111541
"152" 207.04 16789.19 0.390313059660517
"153" 206.88 16771.81 0.390593200043402
"154" 206.77 16753.54 0.390870689519542
"155" 206.67 16737.93 0.391122549144703
"156" 206.55 16720.84 0.391279613739147
"157" 206.5 16704.84 0.391504721897833
"158" 206.41 16689.68 0.391663017363928
"159" 206.33 16670.35 0.391977530190777
"160" 206.24 16656.23 0.392303488481728
"161" 206.12 16641.24 0.392527003893199
"162" 206.06 16622.95 0.392733057076529
"163" 205.95 16610.99 0.392879664137618
"164" 205.86 16595.75 0.393197771217588
"165" 205.74 16579.94 0.393421152976011
"166" 205.65 16559.31 0.393639104440768
"167" 205.57 16534.43 0.393934539929483
"168" 205.47 16518.58 0.394108148564649
"169" 205.43 16502.64 0.394421223128522
"170" 205.39 16483.39 0.394673256558277
"171" 205.28 16465.7 0.394982496037829
"172" 205.16 16451.22 0.395301613732627
"173" 205.01 16436.67 0.395601636009419
"174" 204.95 16416.53 0.395858533707106
"175" 204.77 16405.83 0.396081776432167
"176" 204.69 16392.51 0.3962686436571
"177" 204.58 16382.2 0.396449663493984
"178" 204.43 16368.48 0.396709294007674
"179" 204.33 16354.51 0.39685885867462
"180" 204.27 16334.06 0.397100899649056
"181" 204.19 16318.84 0.39739800860766
"182" 204.08 16298.24 0.39769972662331
"183" 203.99 16281.42 0.397949320477625
"184" 203.88 16262.07 0.398121102440079
"185" 203.78 16244.39 0.398359126270574
"186" 203.68 16226.68 0.398701489095364
"187" 203.61 16208.21 0.39897468884275
"188" 203.54 16194.55 0.39920272268628
"189" 203.46 16180.89 0.399519309185276
"190" 203.4 16163.57 0.39977034792149
"191" 203.26 16141.91 0.400069043039046
"192" 203.2 16120.9 0.400485233900945
"193" 203.17 16101.64 0.40085508999728
"194" 203.09 16081.02 0.401042135697967
"195" 202.97 16063.27 0.40117571115977
"196" 202.83 16041.92 0.401414099188762
"197" 202.75 16023.14 0.401602956984496
"198" 202.71 16003.07 0.40190949145893
"199" 202.63 15985.3 0.402187150915324
"200" 202.49 15975.46 0.402389589299506
"201" 202.38 15959.59 0.402567320217247
"202" 202.31 15940.51 0.402858290734833
"203" 202.18 15923.18 0.403098471196751
"204" 202.05 15905.83 0.403386915435776
"205" 201.96 15888.02 0.403729989308221
"206" 201.87 15873.48 0.403996485549626
"207" 201.74 15854.61 0.404192329635393
"208" 201.7 15838.35 0.404534137798499
"209" 201.55 15818.91 0.404856888759586
"210" 201.51 15808.82 0.405098014554379
"211" 201.38 15782.82 0.405412795950068
"212" 201.28 15766.78 0.405598737878737
"213" 201.13 15755.07 0.405807186103668
"214" 201.03 15735.14 0.406055857760915
"215" 200.93 15717.99 0.406435464944962
"216" 200.85 15699.4 0.406763060608269
"217" 200.73 15678.61 0.407029553244107
"218" 200.63 15652.6 0.407205663647566
"219" 200.53 15627.63 0.407366547762957
"220" 200.41 15607.41 0.407651083674416
"221" 200.28 15592.79 0.407924540779272
"222" 200.14 15569.42 0.408206389417682
"223" 199.96 15555.75 0.408454918890612
"224" 199.86 15538.09 0.408675727714696
"225" 199.77 15518.54 0.408977014414738
"226" 199.72 15498.25 0.409246629030475
"227" 199.65 15472.76 0.409664143722595
"228" 199.57 15458.45 0.409920660252507
"229" 199.52 15440.03 0.4103103398153
"230" 199.42 15426.74 0.410415514603058
"231" 199.28 15406.27 0.410655466556872
"232" 199.21 15384.21 0.410934398848318
"233" 199.07 15369.85 0.411215790136903
"234" 199 15354.44 0.411392968433126
"235" 198.89 15339.6 0.411764356479001
"236" 198.76 15317.42 0.412139735354028
"237" 198.67 15300.74 0.412429330080313
"238" 198.55 15287.71 0.412685256418381
"239" 198.45 15277.32 0.412975697808037
"240" 198.33 15262.07 0.413163014358464
"241" 198.22 15247.51 0.413248925550407
"242" 198.11 15224.55 0.413500727515381
"243" 198 15209.56 0.413777159350824
"244" 197.93 15189.31 0.414028840008913
"245" 197.84 15167.03 0.414296572879811
"246" 197.76 15147.46 0.414429559574679
"247" 197.65 15132.47 0.414726456397368
"248" 197.56 15113.22 0.415101959256868
"249" 197.5 15096.39 0.415356194796232
"250" 197.37 15075.99 0.415487010638999
"251" 197.24 15063.72 0.41573146980034
"252" 197.12 15051.71 0.415967299783755
"253" 197.04 15038.96 0.416134072298343
"254" 196.97 15024.11 0.41636433422308
"255" 196.84 15009.29 0.416457963152749
"256" 196.73 14987.92 0.416790706255448
"257" 196.64 14967.24 0.417034731172528
"258" 196.57 14953.01 0.417299343185373
"259" 196.46 14936.65 0.417589657764564
"260" 196.36 14923.87 0.417841214976501
"261" 196.22 14911.54 0.418110741589742
"262" 196.17 14890.4 0.418419582259251
"263" 196.09 14870.9 0.418754541105383
"264" 195.93 14853.57 0.419029551341761
"265" 195.83 14839.85 0.419252684548721
"266" 195.67 14823.71 0.419590712735378
"267" 195.55 14809.59 0.419928030794601
"268" 195.43 14788.57 0.420296068867388
"269" 195.36 14771.5 0.420580351536382
"270" 195.29 14757.32 0.420881936130389
"271" 195.2 14739.5 0.42127799199095
"272" 195.06 14727.51 0.421535708340095
"273" 194.94 14708.97 0.421902920557335
"274" 194.85 14696.28 0.422174811462327
"275" 194.77 14681.69 0.422548906474771
"276" 194.59 14671.51 0.422616019398281
"277" 194.45 14657.09 0.42297508833413
"278" 194.38 14635.94 0.423378556589675
"279" 194.34 14620.31 0.423820581860809
"280" 194.25 14607.97 0.424037181694905
"281" 194.1 14596.85 0.424156406715884
"282" 194.01 14576.63 0.424281322163504
"283" 193.92 14560.8 0.424513771235209
"284" 193.83 14543.16 0.424757624093412
"285" 193.72 14530.09 0.42511127449618
"286" 193.61 14513.46 0.425388998321537
"287" 193.48 14498.59 0.425561296288242
"288" 193.39 14480.34 0.425819240852761
"289" 193.32 14468.85 0.426066698763165
"290" 193.27 14449.76 0.426381104476682
"291" 193.17 14435.74 0.426749082498138
"292" 193.05 14417.46 0.427112427465229
"293" 193 14398.56 0.427545367918925
"294" 192.89 14387.61 0.427784768185647
"295" 192.79 14365.56 0.428171758383926
"296" 192.63 14346.77 0.428380880129294
"297" 192.46 14322.69 0.428601982650253
"298" 192.35 14307.53 0.428995067464995
"299" 192.26 14288.11 0.429314754613186
"300" 192.14 14269.76 0.429632087876544
"301" 192.03 14253.44 0.430004307512997
"302" 191.91 14233.43 0.430190783053624
"303" 191.81 14215.75 0.430488779312228
"304" 191.71 14198.11 0.430701279580667
"305" 191.61 14184.77 0.430931453520708
"306" 191.52 14173.24 0.431181427802369
"307" 191.41 14155.86 0.431559933631256
"308" 191.32 14143.03 0.4318609370957
"309" 191.26 14124.07 0.432260584102975
"310" 191.21 14106.62 0.432560758335932
"311" 191.1 14095.16 0.432871689133784
"312" 191.05 14078.55 0.433176598647075
"313" 190.95 14063.93 0.433352821332531
"314" 190.82 14049.14 0.433758008478503
"315" 190.68 14029.8 0.43416692440731
"316" 190.56 14013.96 0.434473447236584
"317" 190.44 13998.53 0.434800068602087
"318" 190.34 13975.33 0.435199342739617
"319" 190.24 13954.84 0.435484735812531
"320" 190.12 13935.01 0.435881120904684
"321" 190.03 13916.48 0.436306924990596
"322" 189.89 13899.19 0.436653698303387
"323" 189.78 13886.78 0.437022641127545
"324" 189.71 13871.32 0.437265520933952
"325" 189.56 13857.71 0.437499889473573
"326" 189.49 13842.41 0.437723776628272
"327" 189.39 13822.44 0.437834783397671
"328" 189.29 13805.37 0.43830911916433
"329" 189.16 13789.49 0.438616008884801
"330" 189.1 13769.64 0.439083160388013
"331" 188.99 13758.46 0.439319921699968
"332" 188.86 13740.95 0.439695619682412
"333" 188.74 13723.6 0.440050760072308
"334" 188.63 13697.64 0.440456974768909
"335" 188.55 13681.38 0.440677217674734
"336" 188.45 13667.88 0.440942650210292
"337" 188.37 13651.12 0.441232985152621
"338" 188.23 13635.1 0.441445076927737
"339" 188.15 13606.7 0.441832430988035
"340" 188.03 13590.99 0.442161068391071
"341" 187.89 13573.14 0.442389012892559
"342" 187.82 13547.12 0.442878384985752
"343" 187.69 13531.64 0.443151302622434
"344" 187.58 13510.38 0.443415943611961
"345" 187.48 13489.37 0.443799283301467
"346" 187.33 13475.3 0.444166612388398
"347" 187.12 13465.21 0.444429896659289
"348" 187 13445.64 0.44475742141104
"349" 186.9 13431.72 0.445056895371174
"350" 186.78 13413.45 0.445347543008315
"351" 186.71 13391.08 0.445631651397875
"352" 186.52 13379.89 0.44582002898103
"353" 186.43 13361.53 0.446145186911818
"354" 186.27 13346.68 0.446405568639359
"355" 186.18 13329.04 0.446868710316276
"356" 186.07 13310.75 0.447260555330754
"357" 185.97 13296.57 0.447606681205251
"358" 185.82 13280.26 0.447937684608891
"359" 185.76 13263.6 0.448193013395508
"360" 185.65 13244.22 0.448602146243668
"361" 185.55 13230.54 0.448892794545667
"362" 185.44 13206.4 0.449308805079915
"363" 185.39 13183.69 0.449908718686755
"364" 185.29 13165.38 0.450376495115454
"365" 185.16 13145.62 0.450894573951072
"366" 185.1 13127.54 0.451193641216554
"367" 184.99 13110.55 0.451471338928083
"368" 184.87 13095.31 0.451775615257303
"369" 184.76 13080.59 0.452242458539048
"370" 184.65 13061.82 0.452580707414704
"371" 184.56 13043.94 0.453030645204969
"372" 184.47 13027.39 0.453110706814205
"373" 184.29 13011.03 0.453317721508285
"374" 184.18 12996.87 0.453505570418369
"375" 184.03 12982.32 0.453935644421399
"376" 183.9 12961.74 0.454203768571025
"377" 183.78 12945.34 0.454454873852559
"378" 183.65 12925.93 0.454769293637846
"379" 183.47 12909.18 0.454938547693527
"380" 183.38 12892.24 0.455227387206068
"381" 183.21 12877.54 0.455542188308975
"382" 183.1 12861.92 0.455772603634632
"383" 182.93 12849.95 0.45602899544931
"384" 182.83 12831.31 0.456294860105928
"385" 182.69 12810.51 0.456769662213302
"386" 182.61 12793.51 0.457050206840931
"387" 182.47 12777.83 0.457339862620503
"388" 182.43 12762.59 0.457735476673989
"389" 182.31 12750.34 0.458056635359254
"390" 182.18 12734.65 0.458519832157585
"391" 182.1 12721.78 0.458764260612274
"392" 182 12696.55 0.458981693629506
"393" 181.88 12680.8 0.459402976959819
"394" 181.75 12662.66 0.459623845130272
"395" 181.68 12645.66 0.46016425725163
"396" 181.57 12626.44 0.460505628954308
"397" 181.44 12612.85 0.460873177243968
"398" 181.33 12595.25 0.461219109128051
"399" 181.25 12578.21 0.461656994660321
"400" 181.14 12560.3 0.461927762886545
"401" 181.06 12543.73 0.462388761786376
"402" 180.96 12524.21 0.462795955799731
"403" 180.83 12510.8 0.463008926961334
"404" 180.77 12495.8 0.463346066559977
"405" 180.67 12485.18 0.463626860210786
"406" 180.61 12461.67 0.463943872078887
"407" 180.52 12447.96 0.464289386002527
"408" 180.43 12431.96 0.464614565674263
"409" 180.26 12412.93 0.464960600460217
"410" 180.14 12398.25 0.465298459795066
"411" 180.01 12377.98 0.465725160195375
"412" 179.84 12352.23 0.466201338205616
"413" 179.71 12334.9 0.466613295484482
"414" 179.54 12316.59 0.466907252439138
"415" 179.46 12297.81 0.467414384908747
"416" 179.3 12286.95 0.467651941019518
"417" 179.21 12271.14 0.467971441423006
"418" 179.08 12251.01 0.468420422502578
"419" 178.97 12230.72 0.468726042432032
"420" 178.85 12211.83 0.468975853335276
"421" 178.69 12195.5 0.469206383562778
"422" 178.56 12185.79 0.469468837061583
"423" 178.41 12167.48 0.469888259888128
"424" 178.3 12153.31 0.4704448209838
"425" 178.16 12136.18 0.470772307117258
"426" 178.05 12122.2 0.471178286283109
"427" 177.96 12098.53 0.471497062169689
"428" 177.84 12080 0.471775024652891
"429" 177.76 12064.59 0.47217104414801
"430" 177.68 12049.13 0.472566132489291
"431" 177.53 12028.23 0.47288588084348
"432" 177.43 12011.54 0.473137277248007
"433" 177.31 11991.01 0.473358616382647
"434" 177.18 11971.89 0.473597098321609
"435" 177.04 11951.44 0.473795798258611
"436" 176.97 11931.48 0.474334399456618
"437" 176.86 11918.95 0.474690615452881
"438" 176.74 11898.19 0.475119771979835
"439" 176.66 11874.64 0.475438314642222
"440" 176.55 11858.04 0.475753234231896
"441" 176.45 11841.78 0.476183013796303
"442" 176.28 11816.97 0.476482617242256
"443" 176.21 11799.17 0.476925916538623
"444" 176.11 11781.65 0.477449975576396
"445" 175.98 11763.87 0.477734508028815
"446" 175.86 11746.65 0.478085093104441
"447" 175.74 11731.1 0.478380123790695
"448" 175.66 11710.89 0.478796439559634
"449" 175.62 11689.34 0.479204696754616
"450" 175.53 11671.05 0.479501174418009
"451" 175.41 11652.96 0.479973880185058
"452" 175.31 11629.69 0.480421586976662
"453" 175.19 11610.22 0.480670162198949
"454" 175.08 11595.44 0.481080192093711
"455" 174.95 11578.32 0.481371879092668
"456" 174.87 11553.96 0.481578659372682
"457" 174.75 11533.9 0.482177293898828
"458" 174.65 11521.68 0.482529946615632
"459" 174.53 11507.12 0.482748301546016
"460" 174.42 11489.67 0.482920603930434
"461" 174.33 11473.35 0.483196667551393
"462" 174.29 11449.8 0.483551756626527
"463" 174.13 11434.81 0.483896592222997
"464" 174.05 11422.22 0.484254262518096
"465" 173.88 11401.38 0.484570337216738
"466" 173.78 11378.35 0.484964668944071
"467" 173.65 11366.33 0.485255345174083
"468" 173.54 11348.63 0.485587738783268
"469" 173.4 11335.42 0.48594493472313
"470" 173.28 11319.09 0.48645012497906
"471" 173.18 11301.01 0.486873518093577
"472" 173.12 11283.15 0.487378064504351
"473" 173.04 11263.72 0.487761268187215
"474" 172.93 11249.27 0.48822077994368
"475" 172.82 11237.98 0.488557931520933
"476" 172.69 11217.21 0.488825852824843
"477" 172.58 11197.93 0.48923018662179
"478" 172.48 11179.61 0.489636818311531
"479" 172.4 11161.75 0.490045252199026
"480" 172.26 11146.93 0.490399453205335
"481" 172.16 11125.67 0.49088017944613
"482" 172.03 11107.35 0.491155604354182
"483" 171.88 11090.48 0.491520526851124
"484" 171.74 11075.03 0.491687048440372
"485" 171.64 11061.17 0.492137615218763
"486" 171.54 11041.02 0.492601544768448
"487" 171.36 11025.27 0.49289061275602
"488" 171.25 11005.76 0.493168630882596
"489" 171.09 10989.44 0.493524143797173
"490" 171 10971.91 0.493773468518137
"491" 170.93 10946.72 0.494211548665436
"492" 170.82 10933.44 0.494616776464971
"493" 170.75 10921.12 0.495043476785824
"494" 170.62 10909.53 0.495299393907052
"495" 170.46 10897.65 0.495679807117208
"496" 170.31 10886.28 0.495957136580368
"497" 170.22 10872 0.496429986003195
"498" 170.1 10855.54 0.49688652484691
"499" 169.97 10836.48 0.497213778649338
"500" 169.88 10822.22 0.497606798634758
"501" 169.75 10812.13 0.497828885644485
"502" 169.66 10790.14 0.498223407675835
"503" 169.6 10775.32 0.498648840536954
"504" 169.45 10759.98 0.498960081780545
"505" 169.32 10739.78 0.499338410518653
"506" 169.18 10724.4 0.499663756979047
"507" 169.02 10707.34 0.499999155374082
"508" 168.93 10692.17 0.500415929343609
"509" 168.82 10673.63 0.500874914072173
"510" 168.69 10656.97 0.501212915075546
"511" 168.53 10640.8 0.501520210711128
"512" 168.37 10628.26 0.501876839280585
"513" 168.26 10610.63 0.502264517392631
"514" 168.13 10595.71 0.502500476540204
"515" 168.02 10581.88 0.502854768402129
"516" 167.87 10569.03 0.503306980985092
"517" 167.72 10552.26 0.503689519742998
"518" 167.6 10537.52 0.503908799962751
"519" 167.49 10512.23 0.504107008363669
"520" 167.38 10492.62 0.504626881806124
"521" 167.27 10474.22 0.504789353841736
"522" 167.17 10462.45 0.505166839427823
"523" 167.06 10450.59 0.505481089859024
"524" 166.92 10435.06 0.505798498290432
"525" 166.79 10418.26 0.506158570263221
"526" 166.69 10402.77 0.506317660914775
"527" 166.57 10389.14 0.506652674596965
"528" 166.43 10369.31 0.507081112648045
"529" 166.28 10351.72 0.50743625354026
"530" 166.1 10338.39 0.50768905199965
"531" 166 10320.21 0.508225108680904
"532" 165.84 10307.98 0.50871058911449
"533" 165.7 10289.65 0.509327721655267
"534" 165.57 10271.11 0.509739836172828
"535" 165.48 10249.21 0.51004149038492
"536" 165.36 10228.21 0.510358055496306
"537" 165.22 10207.21 0.510660713038179
"538" 165.11 10196.37 0.510924431382637
"539" 164.97 10173.63 0.511348386322353
"540" 164.85 10160.75 0.511622557797396
"541" 164.73 10141.62 0.51189580618415
"542" 164.58 10128.85 0.512200307404573
"543" 164.46 10111.07 0.512638066099326
"544" 164.31 10095.5 0.513069024758993
"545" 164.19 10074.07 0.513712263631107
"546" 164.06 10055.07 0.514112395979165
"547" 163.93 10039.86 0.514589214456865
"548" 163.8 10023.42 0.515161996453581
"549" 163.67 10006.86 0.515597025082599
"550" 163.55 9990.84 0.515921977644259
"551" 163.4 9971.59 0.516345062567117
"552" 163.33 9945.71 0.516847720240115
"553" 163.25 9925.4 0.517249292230467
"554" 163.06 9910.08 0.517326963929253
"555" 162.94 9891.81 0.517583446119652
"556" 162.81 9880.27 0.517873603532313
"557" 162.65 9864.96 0.517997020274037
"558" 162.59 9850.43 0.518426017621841
"559" 162.5 9831.51 0.51879578209357
"560" 162.36 9816.04 0.519240143727603
"561" 162.29 9795.94 0.519610527725421
"562" 162.15 9780.23 0.520035404357376
"563" 162.02 9768.52 0.520453023316977
"564" 161.94 9757.04 0.520856143795947
"565" 161.82 9737.81 0.521485802790466
"566" 161.67 9722.95 0.521717490682825
"567" 161.56 9701.85 0.522126046043813
"568" 161.44 9686 0.522402853097796
"569" 161.27 9669.88 0.522697745001318
"570" 161.05 9649.57 0.522926358839764
"571" 160.93 9622.09 0.523311623452108
"572" 160.82 9606.42 0.523847060686639
"573" 160.67 9594.09 0.524251635552909
"574" 160.59 9581.47 0.524822329660267
"575" 160.47 9567 0.525095128765577
"576" 160.33 9551.92 0.525608106064318
"577" 160.19 9540.17 0.525922235055806
"578" 160.07 9515.88 0.526415185693369
"579" 159.94 9497.37 0.526855764903008
"580" 159.76 9478.64 0.527208070416729
"581" 159.64 9461.91 0.527563925488662
"582" 159.56 9445.55 0.527836567377593
"583" 159.41 9429.77 0.528452550439662
"584" 159.29 9409.86 0.528887945840624
"585" 159.2 9396.2 0.529461298077165
"586" 159.07 9382.05 0.529941894776758
"587" 158.99 9360.39 0.530426814085231
"588" 158.84 9344.06 0.530975692674253
"589" 158.73 9329.9 0.531479125375942
"590" 158.56 9319.47 0.531753866984401
"591" 158.4 9303.16 0.532370476771142
"592" 158.21 9284.27 0.532882416701763
"593" 158.13 9262.68 0.53346359483346
"594" 158.01 9246.55 0.533878444213156
"595" 157.86 9231.96 0.534238903070364
"596" 157.72 9208.68 0.534808341819147
"597" 157.56 9194.71 0.535165543812192
"598" 157.4 9180.98 0.535443259502425
"599" 157.26 9158.83 0.535925781464
"600" 157.14 9141.29 0.536194512280887
"601" 157 9123.45 0.536780220297944
"602" 156.88 9104.09 0.53711565838872
"603" 156.7 9089.08 0.537455004015626
"604" 156.56 9076.1 0.53785604326807
"605" 156.42 9060.1 0.538341181946501
"606" 156.3 9044.84 0.538793404280146
"607" 156.17 9031.8 0.53927950802416
"608" 156.03 9009.86 0.539800605745073
"609" 155.85 8989.95 0.540406249567698
"610" 155.76 8975.84 0.540861155148521
"611" 155.63 8956.17 0.541225382435529
"612" 155.48 8943.07 0.541691404311667
"613" 155.32 8928.54 0.541842856098737
"614" 155.19 8912.83 0.542385745515037
"615" 155.04 8895.96 0.542662213470813
"616" 154.92 8875.65 0.543371322368923
"617" 154.79 8849.51 0.543758752161815
"618" 154.64 8834.84 0.544152473222968
"619" 154.49 8817.97 0.544331284297398
"620" 154.38 8805.39 0.54491355191147
"621" 154.25 8786.99 0.545702511848982
"622" 154.12 8773.28 0.546021130618449
"623" 153.96 8756.55 0.546318619180953
"624" 153.9 8738.58 0.54683628968084
"625" 153.77 8723.89 0.547179173360936
"626" 153.62 8708.33 0.54753314695385
"627" 153.49 8693.49 0.548089443436762
"628" 153.36 8675.82 0.54860901472702
"629" 153.25 8664.78 0.54910198524619
"630" 153.05 8653.16 0.549483563980743
"631" 152.88 8638.78 0.549897309050748
"632" 152.75 8626.94 0.550360307425199
"633" 152.58 8607.84 0.55081585232012
"634" 152.54 8587.29 0.551159964526676
"635" 152.36 8570.64 0.551511475289365
"636" 152.14 8555.77 0.551675218088123
"637" 152.03 8540.33 0.552014330938654
"638" 151.86 8525.77 0.552484544626912
"639" 151.74 8502.59 0.552899929180601
"640" 151.6 8487.62 0.553458537792636
"641" 151.43 8469.15 0.553891500088457
"642" 151.28 8457.23 0.554354054873023
"643" 151.2 8439.99 0.554693477537405
"644" 151.06 8424.32 0.554981082172269
"645" 150.91 8405.18 0.555402545322659
"646" 150.74 8386.25 0.555749755658354
"647" 150.62 8368.82 0.556245803671435
"648" 150.52 8352.47 0.556698025400482
"649" 150.35 8339.63 0.557152132931135
"650" 150.16 8327.58 0.557734015688242
"651" 150.09 8311.77 0.558138038258743
"652" 149.96 8294.6 0.558462345277181
"653" 149.86 8276.04 0.558835839235539
"654" 149.7 8263.05 0.559437709127202
"655" 149.56 8249.25 0.559871594294338
"656" 149.48 8232.95 0.56028060785132
"657" 149.36 8220.01 0.560854702693446
"658" 149.21 8202.71 0.561611335318311
"659" 148.99 8185.34 0.562238292878844
"660" 148.85 8168.45 0.56259492207629
"661" 148.64 8149.4 0.562979925819268
"662" 148.49 8133.91 0.563240395473896
"663" 148.34 8116.67 0.563740810068648
"664" 148.22 8099.17 0.564191661772041
"665" 148.05 8088.35 0.56457068874064
"666" 147.92 8070.18 0.565155721120835
"667" 147.75 8048.94 0.565441090043935
"668" 147.59 8033.97 0.566001104654525
"669" 147.49 8013.87 0.566630820851127
"670" 147.33 8000.68 0.56709588958675
"671" 147.1 7989.11 0.567327065058573
"672" 147 7975.55 0.567621065283291
"673" 146.87 7962.95 0.568011088208517
"674" 146.72 7952.42 0.568346779957387
"675" 146.57 7935.79 0.568749558921185
"676" 146.47 7915.4 0.569481279480109
"677" 146.35 7898.73 0.570082471856483
"678" 146.21 7886.78 0.570546375457392
"679" 146.1 7870.69 0.57099945402851
"680" 145.99 7851.34 0.571491687448671
"681" 145.81 7836.45 0.571930037554513
"682" 145.66 7821.44 0.572568806493083
"683" 145.51 7807.53 0.57300161932718
"684" 145.35 7790.04 0.573616808388791
"685" 145.19 7776.5 0.57421246189983
"686" 145.09 7761.57 0.574564022719294
"687" 144.97 7745.62 0.57515434608323
"688" 144.89 7724.12 0.575676913285725
"689" 144.7 7709.79 0.576338578769342
"690" 144.55 7697.46 0.576795124474256
"691" 144.38 7683.6 0.577199476223641
"692" 144.23 7668.81 0.57800338266237
"693" 144.1 7648.85 0.578555314245486
"694" 143.97 7634.73 0.579184130333173
"695" 143.88 7622.34 0.579570856422515
"696" 143.73 7603.8 0.579778333095994
"697" 143.52 7577.83 0.580072868458127
"698" 143.31 7565.64 0.580433740951605
"699" 143.21 7547.45 0.580950873125269
"700" 143.03 7530.13 0.581535365518819
"701" 142.88 7515.83 0.58211288431477
"702" 142.76 7487.91 0.582582240375442
"703" 142.62 7473.15 0.58303453564138
"704" 142.5 7450.62 0.583651835148693
"705" 142.35 7434.8 0.584320953011759
"706" 142.24 7422.65 0.584909598909094
"707" 142.13 7407.69 0.585435099839799
"708" 141.89 7394.54 0.585864707319203
"709" 141.78 7373.75 0.58630271450619
"710" 141.55 7352.16 0.586924532322718
"711" 141.44 7337.56 0.587633169946379
"712" 141.3 7319.23 0.588104373996354
"713" 141.16 7299.39 0.588710854415734
"714" 141.03 7287.77 0.589203426350554
"715" 140.94 7272.83 0.589678107533553
"716" 140.75 7257.58 0.590122191631268
"717" 140.65 7235.02 0.590678894553377
"718" 140.52 7212.34 0.591439319500092
"719" 140.38 7193.56 0.591939365760037
"720" 140.24 7180.52 0.592456912473669
"721" 140.13 7158.65 0.59288968053037
"722" 139.9 7143.77 0.593361406707909
"723" 139.75 7125.38 0.594105122040473
"724" 139.57 7104.09 0.594931118162386
"725" 139.42 7088.4 0.595530384852553
"726" 139.28 7072.65 0.596119271461198
"727" 139.18 7058.53 0.59646974632579
"728" 138.98 7044.57 0.59687429485459
"729" 138.82 7028.73 0.597402684858912
"730" 138.67 7015.2 0.597690252762432
"731" 138.56 6999.61 0.598209423257849
"732" 138.43 6978.84 0.598955569687012
"733" 138.33 6952.36 0.599627082543837
"734" 138.14 6934.59 0.599827416505838
"735" 138.02 6915.64 0.600468650548426
"736" 137.88 6892.62 0.600922148558473
"737" 137.69 6876.42 0.601170410933477
"738" 137.58 6860.8 0.601744374914169
"739" 137.47 6838.1 0.602398725482877
"740" 137.3 6823.07 0.60274712050741
"741" 137.13 6805.24 0.603367335044753
"742" 137.01 6790.97 0.603904981811958
"743" 136.84 6774.93 0.604206397410503
"744" 136.67 6758.7 0.604656528311407
"745" 136.52 6744.14 0.605095172681114
"746" 136.33 6727.79 0.605558335552709
"747" 136.16 6712.91 0.606199100543816
"748" 136 6691.33 0.606987660385094
"749" 135.81 6677.61 0.607397669492895
"750" 135.67 6659.28 0.607977863460956
"751" 135.51 6643.26 0.608308383816332
"752" 135.31 6624.59 0.608940517432936
"753" 135.1 6607.71 0.609743744969828
"754" 134.9 6593.59 0.610187663804505
"755" 134.68 6576.52 0.610406470480033
"756" 134.43 6560.51 0.610825279392321
"757" 134.28 6542.2 0.611696287545959
"758" 134.14 6523.84 0.612273613797758
"759" 133.98 6502.09 0.612864605690753
"760" 133.84 6486.21 0.613409244189861
"761" 133.72 6471.66 0.613991981090685
"762" 133.54 6458.7 0.614356282917599
"763" 133.36 6441.15 0.615019140505599
"764" 133.28 6422.17 0.615593769527625
"765" 133.06 6403.18 0.616228377430187
"766" 132.89 6386.26 0.616839778246369
"767" 132.75 6371.67 0.617413947300549
"768" 132.54 6350.68 0.618013709850444
"769" 132.41 6333.39 0.618390805108467
"770" 132.22 6313.32 0.619370112824587
"771" 132.05 6297.11 0.620160631330952
"772" 131.89 6282.52 0.620609627574978
"773" 131.76 6265.84 0.621016389501618
"774" 131.57 6250.69 0.621797787925181
"775" 131.41 6228.86 0.622317116478424
"776" 131.23 6209.56 0.623091555863945
"777" 131.02 6194.46 0.623887346890547
"778" 130.87 6174.4 0.624692582411467
"779" 130.67 6156.25 0.625225594401301
"780" 130.54 6139.41 0.62598744351784
"781" 130.37 6117.35 0.626521752191538
"782" 130.25 6091.02 0.62713246722988
"783" 130.05 6078.7 0.627734040432589
"784" 129.9 6064.84 0.628380934206818
"785" 129.73 6045.82 0.629031577559945
"786" 129.47 6032.43 0.629597503575953
"787" 129.32 6018.42 0.630065098244057
"788" 129.11 6006.83 0.630704912829997
"789" 128.87 5988.67 0.631089833658351
"790" 128.7 5976.55 0.631693827430851
"791" 128.59 5956.98 0.632658565989867
"792" 128.39 5934.46 0.633487407656015
"793" 128.2 5919.97 0.634025915599778
"794" 128 5902.48 0.634121471403037
"795" 127.83 5892.83 0.634681927604982
"796" 127.6 5877.35 0.635163436115004
"797" 127.4 5860.7 0.636079281334864
"798" 127.3 5844.03 0.63671667690562
"799" 127.08 5825.87 0.636872143123466
"800" 126.87 5807.15 0.6371795860261
"801" 126.7 5795.44 0.637800353354013
"802" 126.5 5783.64 0.638258284482423
"803" 126.3 5764.62 0.63850735832311
"804" 126.15 5744.6 0.638901746815352
"805" 126.03 5724.93 0.639573869851294
"806" 125.88 5702.31 0.639903443828036
"807" 125.73 5676.99 0.640733317844813
"808" 125.55 5651.93 0.641354062555303
"809" 125.36 5634.02 0.641873710048943
"810" 125.18 5617.73 0.642427077714117
"811" 125.05 5604.28 0.643122695728511
"812" 124.9 5584.89 0.643723035122034
"813" 124.71 5564.32 0.644647869559028
"814" 124.53 5549.14 0.645148500195689
"815" 124.34 5533.28 0.645921006763068
"816" 124.19 5516.83 0.646548066278051
"817" 124.02 5498.94 0.647354642996006
"818" 123.83 5482.91 0.647863031949673
"819" 123.64 5464.5 0.648385879336724
"820" 123.51 5438.11 0.649335141158318
"821" 123.28 5420.65 0.64984658170547
"822" 123.11 5401.59 0.650378223244771
"823" 122.96 5387.57 0.651028260545829
"824" 122.73 5371.52 0.651567754427386
"825" 122.49 5351.21 0.652081964736823
"826" 122.33 5337.4 0.652636486738981
"827" 122.17 5320.61 0.653104435197699
"828" 121.9 5306.3 0.653650495383063
"829" 121.74 5287.52 0.654462633344781
"830" 121.54 5269.8 0.654796091937505
"831" 121.39 5253.32 0.655008122817398
"832" 121.27 5241.03 0.655627792846179
"833" 121.15 5227.68 0.656212646728564
"834" 120.96 5214.31 0.656819567880498
"835" 120.78 5199.17 0.657284842793952
"836" 120.64 5179.27 0.658085792849471
"837" 120.42 5158.6 0.659114789059359
"838" 120.19 5138.25 0.660120416840644
"839" 119.98 5117.47 0.660830683795166
"840" 119.78 5091.36 0.661118702758028
"841" 119.62 5073.82 0.662322038930347
"842" 119.42 5056.23 0.662728258529517
"843" 119.23 5040.91 0.663431659704958
"844" 119.07 5020.25 0.664286866298825
"845" 118.92 5005.2 0.665256575021802
"846" 118.68 4989.52 0.665820267589229
"847" 118.52 4968.82 0.66661568688691
"848" 118.39 4952.12 0.667453772394272
"849" 118.14 4938.04 0.668085532038411
"850" 117.94 4911.02 0.66852173702048
"851" 117.71 4897.2 0.669082585541005
"852" 117.5 4879.09 0.669774784928761
"853" 117.32 4856.54 0.670573345243417
"854" 117.1 4839.88 0.671245393087001
"855" 116.85 4821.18 0.67198167383047
"856" 116.54 4808.1 0.672705885774118
"857" 116.32 4792.52 0.673626941009282
"858" 116.04 4780.68 0.674230622991679
"859" 115.84 4764.4 0.675077838098879
"860" 115.62 4748.92 0.675819470672766
"861" 115.42 4720.35 0.676813038001828
"862" 115.19 4701.31 0.677196788656963
"863" 115.01 4682.18 0.678359821288811
"864" 114.81 4666.95 0.679220187426545
"865" 114.53 4652.54 0.679494275759575
"866" 114.27 4632.49 0.680592647678886
"867" 114.17 4621.76 0.681322606927111
"868" 113.97 4605.85 0.682162404115009
"869" 113.71 4592.07 0.682809372817598
"870" 113.43 4574.87 0.683039848335229
"871" 113.19 4560.13 0.683369107938132
"872" 113.03 4542.55 0.684290350462904
"873" 112.82 4525.11 0.685227231087538
"874" 112.65 4507.38 0.686245886851656
"875" 112.44 4491.4 0.686759081803915
"876" 112.23 4464.92 0.687470218088908
"877" 112 4444.97 0.688094346499013
"878" 111.83 4431.33 0.688886282619788
"879" 111.61 4412.38 0.6895206779858
"880" 111.31 4394.07 0.690555746022399
"881" 111.09 4376.08 0.691322568393394
"882" 110.84 4364.12 0.692184589719803
"883" 110.6 4346.58 0.692679309200292
"884" 110.35 4335.12 0.693181855468024
"885" 110.13 4320.23 0.693927990173636
"886" 109.9 4305.28 0.694546101237945
"887" 109.73 4293.88 0.695037485734558
"888" 109.46 4277.16 0.695627828202921
"889" 109.12 4264.93 0.696039406276758
"890" 108.92 4254.29 0.69693618681178
"891" 108.68 4236.55 0.697369971149096
"892" 108.45 4224.68 0.697948890774416
"893" 108.24 4207.89 0.698983709007277
"894" 107.98 4191.52 0.699945499863866
"895" 107.72 4174.26 0.700811790558899
"896" 107.46 4157.24 0.701158305494454
"897" 107.14 4142.75 0.701652481937839
"898" 106.9 4125.59 0.702229624745339
"899" 106.77 4103.1 0.703364364996693
"900" 106.48 4086.43 0.703907649506595
"901" 106.23 4067.04 0.704871130909851
"902" 106.04 4053.5 0.705302673310254
"903" 105.85 4028.34 0.706168529653063
"904" 105.55 4010.09 0.706606807499963
"905" 105.35 3997.79 0.70705663570546
"906" 105.07 3981.99 0.708160799605298
"907" 104.79 3964.58 0.708862613122203
"908" 104.54 3950.71 0.709908496787555
"909" 104.31 3934.77 0.710971489524727
"910" 104.04 3919.87 0.711666389794595
"911" 103.84 3900.87 0.712751993403847
"912" 103.63 3886.53 0.713496891304755
"913" 103.36 3866.95 0.714219459052477
"914" 103.13 3846.68 0.714306182479051
"915" 102.92 3831.57 0.715436801415015
"916" 102.73 3808.97 0.716460648603697
"917" 102.51 3788.63 0.717256752701856
"918" 102.27 3774.45 0.718201232639191
"919" 102.04 3755.97 0.719353348125436
"920" 101.83 3741.89 0.720005599994649
"921" 101.52 3730.57 0.720746862073453
"922" 101.27 3712.98 0.721620115397047
"923" 101.02 3698.7 0.722533247976299
"924" 100.77 3684.16 0.72345202604411
"925" 100.49 3665.99 0.72402996948271
"926" 100.25 3642.58 0.724769884125074
"927" 99.91 3627.25 0.725555652396153
"928" 99.63 3608.63 0.726173854414666
"929" 99.44 3592.78 0.726787638965814
"930" 99.19 3568.14 0.727558630305605
"931" 99 3545.5 0.728359741340617
"932" 98.84 3525.57 0.7290696249851
"933" 98.63 3505.79 0.729672979250468
"934" 98.39 3490.06 0.730473826201783
"935" 98.1 3473.83 0.731398501267801
"936" 97.84 3460.59 0.732124528786312
"937" 97.6 3436.69 0.732860665074558
"938" 97.38 3416.52 0.733339463910934
"939" 97.1 3404.48 0.734562060661149
"940" 96.8 3388.91 0.735951739014523
"941" 96.53 3375.33 0.7370898420787
"942" 96.29 3361.95 0.737774031237915
"943" 96.05 3346.32 0.738555546335597
"944" 95.82 3332.03 0.740226541916516
"945" 95.56 3322.85 0.741245321925678
"946" 95.3 3306.38 0.742414136653295
"947" 95.04 3286.88 0.743131394634993
"948" 94.73 3269.65 0.744371318073451
"949" 94.45 3255.39 0.745121971483677
"950" 94.2 3239.84 0.74636680058629
"951" 93.87 3225.94 0.747082658516809
"952" 93.63 3209.73 0.748640893656736
"953" 93.36 3191.96 0.749852670044162
"954" 93.07 3177.38 0.750446540822714
"955" 92.79 3151.66 0.751275990809023
"956" 92.45 3135.59 0.752208902019746
"957" 92.13 3124.62 0.753053186867418
"958" 91.87 3109.27 0.754082300186909
"959" 91.57 3087.82 0.755097272273305
"960" 91.29 3072.26 0.755915951174787
"961" 90.97 3055.56 0.757500123996409
"962" 90.68 3042.29 0.758873238267952
"963" 90.36 3025.28 0.760207629163092
"964" 90.06 3004.58 0.760879419444751
"965" 89.76 2989.69 0.762233342531839
"966" 89.48 2969.21 0.763615496625197
"967" 89.13 2954.73 0.764272279499241
"968" 88.74 2943.89 0.76524903398176
"969" 88.46 2931.46 0.765852641012954
"970" 88.22 2912.58 0.767028703622352
"971" 87.98 2893.21 0.76884223801265
"972" 87.71 2874.9 0.770134010022641
"973" 87.48 2857.41 0.771141738428491
"974" 87.15 2842.84 0.771504151233733
"975" 86.87 2818.04 0.772603616927533
"976" 86.55 2802.25 0.773783328337353
"977" 86.27 2782.28 0.773736458721898
"978" 85.91 2767.06 0.774846618902961
"979" 85.64 2750.14 0.776059000233278
"980" 85.41 2735.74 0.776939777992168
"981" 85.12 2720.45 0.778631127177507
"982" 84.77 2702.13 0.779209384265132
"983" 84.46 2685.24 0.781242791206691
"984" 84.13 2673.1 0.782142005980704
"985" 83.84 2651.7 0.782528125231005
"986" 83.63 2633.55 0.783353728454999
"987" 83.26 2617.15 0.784412968363708
"988" 82.94 2597.26 0.785093104782892
"989" 82.58 2584.01 0.785422613862071
"990" 82.32 2568.9 0.786702653133659
"991" 82.03 2555.12 0.788101415998858
"992" 81.66 2536.28 0.789191140100885
"993" 81.28 2517.46 0.789978826208619
"994" 80.95 2501.79 0.790374275111571
"995" 80.68 2489.27 0.791481046766349
"996" 80.37 2472.1 0.792801519324863
"997" 80.05 2455.78 0.7941727859826
"998" 79.73 2443.63 0.794954937080303
"999" 79.39 2427.18 0.795574636407918
"1000" 79.05 2408.97 0.796369012176312
"1001" 78.8 2393.32 0.798070240612605
"1002" 78.47 2371.91 0.79981270620544
"1003" 78.14 2352.33 0.800872694748318
"1004" 77.78 2337.68 0.801654590547258
"1005" 77.47 2323.24 0.803139119510407
"1006" 77.2 2305.42 0.804103069978057
"1007" 76.89 2285.74 0.805161618716772
"1008" 76.53 2267.53 0.80565094678162
"1009" 76.12 2256.85 0.806523493194327
"1010" 75.81 2240.13 0.807701298260831
"1011" 75.49 2223.88 0.809317747912058
"1012" 75.16 2212.04 0.810797649436372
"1013" 74.81 2192.56 0.812317990476605
"1014" 74.46 2171.14 0.813738318054103
"1015" 74.08 2157.03 0.8149002346303
"1016" 73.75 2141.35 0.816303798261905
"1017" 73.36 2121.27 0.817766699811116
"1018" 73.05 2107.13 0.819012410451026
"1019" 72.58 2088.9 0.819970847425535
"1020" 72.21 2072.41 0.821698821344241
"1021" 71.77 2056.74 0.822982486611052
"1022" 71.44 2040.09 0.824474982440903
"1023" 71.1 2023.63 0.82569750248806
"1024" 70.72 2010.55 0.826639163120314
"1025" 70.38 1992.3 0.827880425147544
"1026" 70.06 1968.82 0.830109206190832
"1027" 69.65 1949.8 0.830768763598166
"1028" 69.27 1936.5 0.831774386888856
"1029" 68.9 1924.54 0.832572226233872
"1030" 68.51 1904.99 0.833254432726709
"1031" 68.1 1890.21 0.83446485267265
"1032" 67.73 1878.6 0.835585183920068
"1033" 67.33 1863.98 0.836472321291567
"1034" 67 1844.21 0.838055134069663
"1035" 66.65 1817.78 0.838890280974587
"1036" 66.17 1795.3 0.838869533258381
"1037" 65.69 1773.77 0.840235497637034
"1038" 65.26 1759.32 0.841253674428804
"1039" 64.81 1742.33 0.842820113615664
"1040" 64.44 1723.7 0.844623761161293
"1041" 63.95 1711.48 0.845898902169097
"1042" 63.56 1695.06 0.847483885392326
"1043" 63.05 1679.62 0.848314705349335
"1044" 62.72 1666.78 0.849938050244876
"1045" 62.36 1649.79 0.851540268303494
"1046" 61.93 1634.26 0.852458309097102
"1047" 61.45 1621.07 0.853952487565665
"1048" 60.97 1605.48 0.856417701534411
"1049" 60.57 1589.15 0.857995129090508
"1050" 60.18 1569.16 0.859886322616094
"1051" 59.75 1555.79 0.862004523935632
"1052" 59.35 1541.31 0.863982587141267
"1053" 58.95 1526.18 0.865304083736162
"1054" 58.44 1515.45 0.866535881212213
"1055" 58.01 1498.97 0.868777732951974
"1056" 57.48 1487.46 0.870221982940339
"1057" 57.04 1473.34 0.871653474809655
"1058" 56.63 1457.58 0.872653912627629
"1059" 56.16 1441.3 0.874831054186738
"1060" 55.7 1428.86 0.875129191738684
"1061" 55.33 1410.39 0.878313987472637
"1062" 54.84 1391.27 0.879160651502288
"1063" 54.46 1379.02 0.880765631746577
"1064" 53.96 1362.23 0.88207419210529
"1065" 53.47 1339.49 0.883024535250358
"1066" 53.02 1320.36 0.885789153508851
"1067" 52.58 1301.89 0.886836431709195
"1068" 52.06 1285.55 0.8882352387524
"1069" 51.6 1269.65 0.889984473050444
"1070" 51.15 1255.99 0.892016165914027
"1071" 50.63 1235.21 0.892431805838835
"1072" 50.17 1220.07 0.895177878802833
"1073" 49.66 1205 0.896498771253168
"1074" 49.15 1191.1 0.898434189908867
"1075" 48.65 1174.37 0.900131425709899
"1076" 48.12 1157.08 0.902057426380736
"1077" 47.68 1136.06 0.903860913081275
"1078" 47.19 1116.68 0.905551871336786
"1079" 46.58 1101.7 0.907626302178627
"1080" 46.1 1083.54 0.909776431734389
"1081" 45.52 1063.13 0.911557216052039
"1082" 44.99 1040.87 0.913907658690338
"1083" 44.44 1026.15 0.915388148614981
"1084" 43.9 1010.63 0.917889899480189
"1085" 43.38 994.62 0.920354859184813
"1086" 42.89 976.91 0.921894448664645
"1087" 42.34 958.39 0.924182129458122
"1088" 41.8 943.34 0.926026936977065
"1089" 41.17 922.59 0.927860247608046
"1090" 40.67 906.76 0.929083653953181
"1091" 40.09 888.33 0.932673531642886
"1092" 39.52 874.61 0.935064109799201
"1093" 38.99 853.29 0.936493359939711
"1094" 38.37 836.15 0.938376554905866
"1095" 37.82 821.19 0.940754283600084
"1096" 37.2 805.89 0.942417485436765
"1097" 36.58 790.81 0.944118983261763
"1098" 35.98 774.11 0.94520503645864
"1099" 35.33 753.29 0.947452770191293
"1100" 34.76 740.39 0.950327229280496
"1101" 34.13 717.46 0.951507708409364
"1102" 33.46 702.68 0.952872142570568
"1103" 32.8 688.2 0.955049026230425
"1104" 32.14 672.83 0.956303069018304
"1105" 31.42 657.88 0.95693297218039
"1106" 30.76 643.99 0.959858179429313
"1107" 30.17 625.42 0.961261627268715
"1108" 29.48 610.66 0.96339022295541
"1109" 28.81 592.61 0.963311389276572
"1110" 28.13 577.8 0.96477463984029
"1111" 27.38 559.96 0.967889648534478
"1112" 26.62 541.08 0.968589605539695
"1113" 26.05 521.42 0.970727987488782
"1114" 25.39 511.76 0.973539774906524
"1115" 24.66 495.26 0.974554301991489
"1116" 23.9 480.87 0.9756104094112
"1117" 23.13 463.89 0.977854185058483
"1118" 22.4 452.01 0.980542442973712
"1119" 21.58 436.98 0.982134377855045
"1120" 20.83 415.11 0.984776080045042
"1121" 20.11 404.65 0.98595168709174
"1122" 19.37 384.89 0.987851475555671
"1123" 18.56 369.86 0.988197473354675
"1124" 17.8 348.33 0.98914983627908
"1125" 16.98 327.9 0.990645904617361
"1126" 16.16 315.1 0.990693485429416
"1127" 15.31 302.9 0.99211091115309
"1128" 14.49 287.9 0.993284100630079
"1129" 13.65 273.52 0.995006679054446
"1130" 12.86 255.28 0.994783350793729
"1131" 11.97 233.67 0.995170702670978
"1132" 11.06 216.41 0.994785164767877
"1133" 10.17 201.75 0.995596584560779
"1134" 9.3 186.37 0.996323331199358
"1135" 8.41 172.28 0.996519325373204
"1136" 7.57 158.76 0.997180080119558
"1137" 6.7 143.22 0.996662718424645
"1138" 5.77 124.52 0.999152916699655
"1139" 4.84 97.73 0.998844874237238
"1140" 3.93 73.55 1
"1141" 2.96 55.02 1
"1142" 2 34 NA
"1143" 1 18.57 NA
