"V1" "V2" "V3"
"1" 76 956 0.863311706558715
"2" 75.79 950.51 0.864286283709954
"3" 75.61 945.13 0.864957797930666
"4" 75.47 941 0.865657258760688
"5" 75.31 934.72 0.866264327284204
"6" 75.15 930.1 0.867043845874284
"7" 74.98 925.01 0.867358266948632
"8" 74.68 919.19 0.867860846362419
"9" 74.47 914.29 0.868506345456326
"10" 74.24 908.24 0.869096811791782
"11" 73.96 902.71 0.86958717880666
"12" 73.76 897.04 0.870395411416063
"13" 73.52 891.84 0.871069742856316
"14" 73.29 887.57 0.872103624276356
"15" 73.09 883.83 0.872676224620782
"16" 72.83 877.84 0.872945841768672
"17" 72.61 872.67 0.873666435252336
"18" 72.37 866.64 0.87461674696708
"19" 72.15 860.81 0.874960571056571
"20" 72 855.95 0.875599887671968
"21" 71.76 851.05 0.876356318226289
"22" 71.55 846.18 0.877220157336681
"23" 71.37 841.62 0.877688341382674
"24" 71.1 837.49 0.878338683224419
"25" 70.91 831.28 0.879010892102724
"26" 70.7 827.26 0.879830073444878
"27" 70.38 822.17 0.880513365266624
"28" 70.12 817.44 0.880782435686248
"29" 69.9 812.81 0.881158213813314
"30" 69.63 807.27 0.882015401960857
"31" 69.41 801.63 0.882743907954269
"32" 69.19 796.87 0.883518349702381
"33" 68.94 792.38 0.884390024748911
"34" 68.66 785.8 0.884694726384972
"35" 68.42 781.87 0.88564751309082
"36" 68.13 776.06 0.886242888922053
"37" 67.88 771.86 0.887063037497762
"38" 67.62 766.32 0.888186704288015
"39" 67.33 759.52 0.88853564251375
"40" 67.08 753.89 0.889423945660267
"41" 66.8 747.94 0.890377123717378
"42" 66.51 741.6 0.891796635589086
"43" 66.24 735.92 0.892323015499364
"44" 65.97 731.42 0.893009836518874
"45" 65.74 726.3 0.893616217730892
"46" 65.43 721.83 0.894419384306876
"47" 65.23 716.23 0.894830968044608
"48" 65.03 712.51 0.895434642362953
"49" 64.76 707.72 0.895901623332346
"50" 64.55 704.18 0.897103666830677
"51" 64.29 699.59 0.898148786705274
"52" 63.96 694.1 0.898934450236221
"53" 63.64 688.81 0.899998360346723
"54" 63.44 682.74 0.900678274322623
"55" 63.19 676.43 0.90146101607185
"56" 62.9 672.29 0.902235508686838
"57" 62.6 667.76 0.902999556283832
"58" 62.45 664.72 0.903965330044317
"59" 62.16 659.96 0.9041507145494
"60" 61.85 654.37 0.90470792490409
"61" 61.49 650.99 0.905371445761342
"62" 61.3 645.34 0.906055030912352
"63" 61.03 641.92 0.906953048378495
"64" 60.81 636.94 0.907884678888641
"65" 60.56 632.63 0.9089964542411
"66" 60.38 627.36 0.909838721357401
"67" 60.09 621.47 0.910773375698307
"68" 59.84 616.83 0.911647959976999
"69" 59.58 610.19 0.912896046502173
"70" 59.32 605.19 0.914096079601963
"71" 59.01 600.78 0.91496719972928
"72" 58.73 594.85 0.915484153802403
"73" 58.48 590.27 0.916157082988639
"74" 58.24 584.92 0.917187951647458
"75" 58.04 580.83 0.918280369581526
"76" 57.7 576.99 0.919273291629127
"77" 57.48 570.64 0.919584836890495
"78" 57.15 563.14 0.919719307134271
"79" 56.84 558.22 0.919999435977694
"80" 56.51 552.41 0.920459703178953
"81" 56.22 547.5 0.920529542723604
"82" 55.93 543.56 0.92156324074609
"83" 55.61 536.89 0.922685342721399
"84" 55.23 532.75 0.923501519368005
"85" 54.89 528.17 0.924007391368894
"86" 54.53 522.19 0.925025033537961
"87" 54.31 516.76 0.925809245812413
"88" 54.04 511.23 0.926813647921654
"89" 53.77 504.83 0.927778873208247
"90" 53.51 497.6 0.929129089654587
"91" 53.12 493.92 0.93025812863286
"92" 52.79 487.96 0.930735556270722
"93" 52.52 483.08 0.931514514313983
"94" 52.14 477.38 0.932462054224452
"95" 51.84 471.68 0.93302887538132
"96" 51.5 467.06 0.934164457130484
"97" 51.22 462.86 0.93509355385582
"98" 50.9 457.94 0.936243285208102
"99" 50.62 452.58 0.937789805258799
"100" 50.26 447.12 0.938273519091998
"101" 49.95 443.05 0.939783343759257
"102" 49.59 438.21 0.940903861936203
"103" 49.23 431.7 0.941277701460366
"104" 48.91 427.21 0.941847746512833
"105" 48.5 422.82 0.942167213983994
"106" 48.05 418.97 0.94285259077747
"107" 47.73 414.37 0.943904375066103
"108" 47.35 409.95 0.944873861842525
"109" 46.95 405.87 0.946500967801252
"110" 46.62 401.88 0.947618494206362
"111" 46.23 397.22 0.948085852935721
"112" 45.93 393.08 0.948801267119872
"113" 45.57 386.74 0.94958025135724
"114" 45.15 380.36 0.950004543674887
"115" 44.79 375.29 0.951456445047163
"116" 44.38 370.6 0.952420233585878
"117" 43.99 365.52 0.953183530341518
"118" 43.55 359.8 0.954270931670725
"119" 43.15 355.18 0.955625462467845
"120" 42.75 349.26 0.956081660449986
"121" 42.32 344.13 0.95644660848505
"122" 41.92 339.7 0.957008173676704
"123" 41.46 334.08 0.957532105371505
"124" 41.03 328.9 0.958312130435297
"125" 40.54 323.7 0.959239087884036
"126" 40.12 319.89 0.960136936759433
"127" 39.7 314.3 0.96136490201747
"128" 39.25 309.82 0.962899364613694
"129" 38.83 304.35 0.963733371499812
"130" 38.4 300.18 0.965279738812277
"131" 37.82 296.27 0.965843273938214
"132" 37.41 290.25 0.967163338385467
"133" 36.96 285.51 0.967735161562028
"134" 36.47 279.54 0.96800023405684
"135" 36 274.39 0.968977040070392
"136" 35.5 270.62 0.969801931243671
"137" 35.09 264.15 0.970681658724369
"138" 34.58 257.72 0.97083569731212
"139" 34.09 253.14 0.972073130961249
"140" 33.5 245.65 0.972265093697546
"141" 33.01 238.97 0.972425002142112
"142" 32.5 235.72 0.973606935666653
"143" 32.02 230.85 0.974435724885266
"144" 31.46 225.22 0.975942878165616
"145" 30.89 219.39 0.976421985060767
"146" 30.33 214.01 0.977569280560831
"147" 29.81 208.95 0.978225006020331
"148" 29.25 202.81 0.978449982423543
"149" 28.69 198.02 0.979227984734849
"150" 28.06 191.83 0.980096898521414
"151" 27.47 186.33 0.980387044689997
"152" 26.86 182.83 0.981781303815473
"153" 26.36 177.63 0.982564800573045
"154" 25.75 173.71 0.983001181588586
"155" 25.16 168.85 0.983126774542729
"156" 24.44 161.46 0.984786576888524
"157" 23.86 155.24 0.985238907283044
"158" 23.2 150.35 0.985549641985009
"159" 22.48 146.06 0.986828004847774
"160" 21.81 140.33 0.987059610457598
"161" 21.19 136.09 0.987441028114473
"162" 20.52 130.58 0.98836598970516
"163" 19.89 123.91 0.988686417176281
"164" 19.16 118.4 0.988674119759515
"165" 18.46 115.08 0.99051201923912
"166" 17.75 110.11 0.99131083162786
"167" 17.07 104.41 0.992582788611005
"168" 16.39 99.92 0.993341516735288
"169" 15.62 94.48 0.994534947042101
"170" 14.84 90.02 0.994982063373997
"171" 14.06 86.49 0.99564566179247
"172" 13.26 79.63 0.995648847200732
"173" 12.47 74.92 0.996232470410846
"174" 11.63 68.45 0.995775642094981
"175" 10.77 64.24 0.995307466973568
"176" 10 56.93 0.999061187589298
"177" 9.14 51.78 NA
"178" 8.33 47.97 NA
"179" 7.48 43.23 NA
"180" 6.63 37.92 NA
"181" 5.7 33.75 NA
"182" 4.79 28.81 NA
"183" 3.82 22.67 NA
"184" 2.92 18.63 NA
"185" 1.99 12.51 NA
"186" 1 6.62 NA
