"Arthropod species [row]" "Individuals" "Generality" "Vulner"
"1" 76 956 1.57054914282565 2.70435458224835
"2" 75.82 949.9 1.56885414401309 2.69582490325883
"3" 75.64 945.16 1.56668672375745 2.6862430598703
"4" 75.46 940.57 1.56156031329831 2.67795577645856
"5" 75.3 935.99 1.55847793312286 2.66783357926918
"6" 75.12 931.5 1.55752974190679 2.65785820477992
"7" 74.91 925.98 1.55354684495879 2.64635224437277
"8" 74.68 919.42 1.549494223503 2.63903936132717
"9" 74.46 913.26 1.54551889528519 2.6267528961741
"10" 74.24 909.22 1.54207648287896 2.617671329827
"11" 74.05 902.24 1.53901407964701 2.60607610558445
"12" 73.89 896.44 1.53561082060819 2.59710631878832
"13" 73.72 893.52 1.53219487930314 2.58704194254656
"14" 73.56 888.48 1.52828513797533 2.57848598948807
"15" 73.32 883.1 1.52311838929093 2.57038268078008
"16" 73.03 877.71 1.51894161669556 2.56408190862434
"17" 72.81 873.68 1.51513623989857 2.55451093163927
"18" 72.58 868.04 1.51293728121537 2.54862867824355
"19" 72.35 862.66 1.50880277030972 2.53569819342385
"20" 72.18 857.03 1.5067748542309 2.52122677275105
"21" 71.93 852.99 1.50300298217116 2.51476858188901
"22" 71.7 846.66 1.50109057196191 2.50909897059364
"23" 71.47 841.68 1.49684875102212 2.49813588203159
"24" 71.31 835.71 1.49475688062909 2.4893378837263
"25" 71.1 830.92 1.49193641869748 2.47939295533315
"26" 70.91 825.67 1.48823422085013 2.47026870074182
"27" 70.64 820.58 1.48384623110954 2.46358046148935
"28" 70.46 817.38 1.48028463423613 2.45256417350965
"29" 70.19 813.19 1.4781334747551 2.44341939125287
"30" 69.93 808.75 1.47449978450967 2.43275972190921
"31" 69.68 802.9 1.47160818284124 2.42409050060687
"32" 69.41 797.35 1.46869068147824 2.41281293090217
"33" 69.23 791.45 1.46705785344711 2.40091604331805
"34" 69 786.53 1.46404679158506 2.39337532881887
"35" 68.81 779.06 1.46280366907519 2.38262319635873
"36" 68.61 774.44 1.4593576010609 2.37200680487747
"37" 68.37 770.25 1.45627248781434 2.36500874962902
"38" 68.23 765.27 1.45332718175092 2.35368435937313
"39" 67.97 760.6 1.4493290318924 2.34279889047685
"40" 67.69 754.82 1.44837505757247 2.33618474246431
"41" 67.48 748.85 1.44530832586293 2.3252715626664
"42" 67.3 742.25 1.44349564402796 2.31735324190266
"43" 66.97 736.85 1.43921911834182 2.31488217561593
"44" 66.71 730.06 1.43705681968753 2.30473678644077
"45" 66.45 724.12 1.43522797847525 2.29680857684878
"46" 66.21 718.72 1.43089164343891 2.28872437944786
"47" 65.91 714.97 1.42681286138226 2.27834012307281
"48" 65.6 710.15 1.42332393045303 2.26815200357357
"49" 65.35 704.73 1.42075352248844 2.26397834367087
"50" 65.09 700.18 1.41687926641372 2.2599854201175
"51" 64.8 695.01 1.41451063943547 2.25153291808382
"52" 64.51 690.4 1.41015483431526 2.24194926382866
"53" 64.23 685.38 1.40540985438107 2.23371262573953
"54" 63.94 680.24 1.40226832641982 2.22897567745041
"55" 63.74 673.13 1.40029629000946 2.21549316928558
"56" 63.39 666.28 1.39800688739765 2.20747652427077
"57" 63.14 661.24 1.39491964136257 2.20244999216739
"58" 62.83 655.9 1.39151572413877 2.19210443067531
"59" 62.57 649.84 1.38950430059476 2.1871092174401
"60" 62.28 643.8 1.38662803099283 2.17841916377404
"61" 62.03 639.23 1.38434443220411 2.1681034902287
"62" 61.79 633.95 1.38112646000478 2.15786140333853
"63" 61.59 629.63 1.37903646478177 2.15025677197974
"64" 61.32 624.05 1.37369964756652 2.14175302602984
"65" 61.14 620.37 1.37076350282987 2.12760179441238
"66" 60.81 615.92 1.36701302991765 2.12062670856617
"67" 60.59 611.39 1.36279064653065 2.11090626311276
"68" 60.41 606.32 1.35843992154419 2.09718955414872
"69" 60.1 602.14 1.35618331057882 2.08498834317987
"70" 59.84 596.38 1.35085961542114 2.0704069708268
"71" 59.59 590.87 1.34792044912401 2.05801333289427
"72" 59.3 586.1 1.34441536759407 2.05098973539321
"73" 59.05 580.04 1.34100476242233 2.04118561659088
"74" 58.73 575.56 1.33678639023586 2.03161680438787
"75" 58.42 571.26 1.33455914703414 2.02236768551578
"76" 58.05 565.68 1.33115220525731 2.01855076737986
"77" 57.67 560.67 1.32731876603686 2.01042854824553
"78" 57.35 555.94 1.32418542836403 2.00018018678572
"79" 57.04 551.87 1.32295224346191 1.99173625155376
"80" 56.74 546.46 1.32084982226478 1.9843361885864
"81" 56.47 539.31 1.32081703213633 1.97840075665032
"82" 56.22 534.14 1.32037167488824 1.96874743270195
"83" 55.93 529.01 1.31825735872531 1.95987973773777
"84" 55.63 524.45 1.31620281621577 1.95022175675261
"85" 55.35 520.45 1.31397950599311 1.93901421619349
"86" 55 515.76 1.30978378077042 1.93335272133278
"87" 54.72 510.92 1.30789436535727 1.92123601674887
"88" 54.3 507.56 1.30296141782763 1.9148848717041
"89" 54.05 501.27 1.30145393320892 1.90903781480094
"90" 53.72 495.66 1.30001515192773 1.89945778532796
"91" 53.37 490.23 1.29729082048712 1.89157936884061
"92" 53.03 484.99 1.2936104737506 1.88154941458832
"93" 52.61 480.89 1.28984222920496 1.87276320722081
"94" 52.27 474.95 1.28445188137961 1.86651739047221
"95" 51.97 471.33 1.28255339671318 1.85806221339861
"96" 51.65 466.15 1.28002892897262 1.85071725911323
"97" 51.31 461.66 1.27665000194971 1.8450573840146
"98" 50.99 456.33 1.27082119455852 1.83167683247599
"99" 50.62 452.18 1.26972390448756 1.82793032529934
"100" 50.31 447.56 1.26660985241284 1.8178812889931
"101" 50.02 441.88 1.26188337788537 1.80599129465725
"102" 49.71 436.39 1.26181003722152 1.79711733440065
"103" 49.29 432.66 1.2581168903141 1.79139390414213
"104" 48.94 428.22 1.25668560246366 1.78053642048385
"105" 48.5 421.75 1.25415524633058 1.7786106953039
"106" 48.12 417.24 1.24885215500392 1.7761008635523
"107" 47.72 410.71 1.24329756121129 1.76866739895059
"108" 47.35 404.37 1.24108685343862 1.76052694861075
"109" 47 400.93 1.23849434236235 1.752817345143
"110" 46.61 395.91 1.23359948934911 1.74638163783535
"111" 46.28 392.32 1.22888672480396 1.73388129407672
"112" 45.84 386.93 1.2249179536877 1.72930931905757
"113" 45.41 382.77 1.22248201183138 1.71685878847236
"114" 45.04 377.41 1.2212050656641 1.69918386708856
"115" 44.51 371.93 1.21763758338559 1.69798254065497
"116" 44.1 366.69 1.21339034793802 1.68941835913131
"117" 43.75 360.52 1.21324685687173 1.67700875297966
"118" 43.34 353.75 1.21042581153825 1.67198209599631
"119" 42.93 347.58 1.20795926836739 1.6591496310857
"120" 42.58 343.35 1.20655769175288 1.64922526150501
"121" 42.11 339.3 1.20416235837267 1.64398062646934
"122" 41.63 335.13 1.20103621963455 1.63097049722134
"123" 41.16 328.79 1.19616684736868 1.6248536583963
"124" 40.74 324.19 1.19258104486641 1.61310937132099
"125" 40.25 318.68 1.19186202843129 1.60685370448922
"126" 39.8 313.67 1.18851670629959 1.59787497847775
"127" 39.35 308.72 1.18417168648334 1.58658710640049
"128" 38.84 304.26 1.17751211586868 1.57595944510047
"129" 38.53 299.13 1.17695648174535 1.56603085508382
"130" 38.09 293.42 1.17593982517997 1.55746276267376
"131" 37.62 289.8 1.17046621129752 1.54808170640987
"132" 37.2 285.32 1.16710230498684 1.54004642748222
"133" 36.73 280.56 1.16151662299703 1.52803414516172
"134" 36.21 275.42 1.1592753525059 1.52226209809328
"135" 35.82 270.36 1.15495667049361 1.50391149231568
"136" 35.33 266.74 1.14999732726435 1.48997623152685
"137" 34.85 262.65 1.14730014348722 1.47994696824959
"138" 34.33 256.9 1.14431555475147 1.47201402598438
"139" 33.76 252.23 1.14100991365222 1.46509819298926
"140" 33.38 248.67 1.14021089419435 1.45288394369083
"141" 32.82 243.04 1.13598598580362 1.44898132730378
"142" 32.33 237.79 1.13691600727987 1.44501541108193
"143" 31.78 232.1 1.13459991138932 1.43740230862745
"144" 31.27 227.77 1.13056813582341 1.42512801513245
"145" 30.71 221.08 1.12591073652219 1.42508413626087
"146" 30.16 214.76 1.12678642536373 1.42040034955071
"147" 29.7 210.09 1.12439383416071 1.40656271058373
"148" 29.01 203.49 1.12463093745911 1.40024060293154
"149" 28.43 198.93 1.12275794126452 1.39133110331382
"150" 27.93 192.32 1.12166680233218 1.37812302047338
"151" 27.35 187.3 1.11985725654005 1.36690910292328
"152" 26.75 182.33 1.11898065491111 1.3618392118684
"153" 26.12 176.83 1.11760907915477 1.34871583042836
"154" 25.53 171.68 1.11313453360146 1.34125519804297
"155" 24.92 166.94 1.11066359147014 1.33483019161625
"156" 24.32 162.69 1.10795954840475 1.32677953690007
"157" 23.7 157.85 1.10660121417162 1.31323943482687
"158" 23.08 153.54 1.1042924355323 1.30339576205887
"159" 22.45 149.99 1.10438549269153 1.29773225819066
"160" 21.85 145.23 1.09570719083525 1.29051383196252
"161" 21.16 139.48 1.09660059281623 1.28078138291529
"162" 20.5 133.14 1.0917790239477 1.27346622266398
"163" 19.84 128.72 1.08802666456194 1.26392707186506
"164" 19.22 122.98 1.08593583134233 1.25316700678167
"165" 18.54 117.93 1.08402728571076 1.2397847508065
"166" 17.82 113.24 1.08320023772769 1.22991436892809
"167" 17.07 108.48 1.08150613268597 1.22064171463417
"168" 16.37 103.86 1.07783460285568 1.20562052436107
"169" 15.6 98.64 1.0727569401732 1.19303613030967
"170" 14.81 93.08 1.06441237610943 1.18406317658213
"171" 14.03 87.79 1.06116857012131 1.17861414095061
"172" 13.27 81.52 1.05298464731679 1.15821195512892
"173" 12.48 76.24 1.04426351685204 1.15215817564171
"174" 11.72 70.74 1.03667404561273 1.13540311124686
"175" 10.88 64.77 1.03774976225471 1.13061761652572
"176" 10.07 60.31 1.03424580146677 1.11863528843246
"177" 9.24 54.23 1.03452042404365 1.10781627647198
"178" 8.41 49.45 1.03581164946612 1.09369897684216
"179" 7.6 43.67 1.03292062262443 1.06386224291554
"180" 6.72 38.08 1.03625818499191 1.0496038964781
"181" 5.79 32.68 1.03494987389554 1.0450238678805
"182" 4.84 26.64 1.03775584575606 1.03876770533962
"183" 3.94 19.73 1.0173902982889 1.0244317971714
"184" 2.97 13.11 1.01208565254853 1.00944675436733
"185" 2 7.62 1.01539266463308 1
"186" 1 3.81 1 1
