"Arthropod species [row]" "Individuals" "Generality" "Vulner"
"1" 122 12866 4.12681604940652 3.14714538929887
"2" 121.86 12821 4.12208479579053 3.14175633111993
"3" 121.75 12797.37 4.11649876873697 3.13737515547678
"4" 121.51 12764.49 4.10525376699088 3.13494273608924
"5" 121.24 12731.38 4.09858624007053 3.13377230168525
"6" 121.11 12703.88 4.09052966386955 3.12779858790527
"7" 120.97 12685.09 4.08213646416121 3.12139201461942
"8" 120.8 12660.78 4.07434061429496 3.11422663746647
"9" 120.64 12629.15 4.06837137909573 3.10866210302115
"10" 120.53 12600.01 4.05733160065031 3.10088772603451
"11" 120.37 12573.77 4.04522795276479 3.09541535337097
"12" 120.27 12550.45 4.03824940200334 3.0887673376761
"13" 120.15 12507.51 4.03369413000137 3.08638511981083
"14" 119.99 12478.15 4.02398201031599 3.08491276170614
"15" 119.89 12442.53 4.01807462544913 3.07991992546803
"16" 119.77 12407.41 4.01414379098277 3.06880883613016
"17" 119.68 12388.88 4.00535115671729 3.06397538939816
"18" 119.52 12367.67 3.99574013762548 3.05631063270646
"19" 119.33 12327.64 3.99208686415931 3.05392564429562
"20" 119.2 12281.49 3.99101386459549 3.04795489366623
"21" 119.06 12243.15 3.98821835896519 3.04144727067692
"22" 118.86 12207.65 3.98323266588589 3.03703572101121
"23" 118.68 12156.81 3.97764939146758 3.02886792000464
"24" 118.54 12131.65 3.97107676495995 3.02571458602112
"25" 118.38 12107.17 3.96325872039459 3.02147858360308
"26" 118.2 12057.31 3.96216684273756 3.01824672262327
"27" 118 12000.09 3.95742867627728 3.01743338300557
"28" 117.81 11974.16 3.94582508670418 3.01271854834724
"29" 117.66 11953.11 3.93710731132856 3.00748939659927
"30" 117.4 11926.5 3.92821866955212 3.00151938258135
"31" 117.25 11901.25 3.91824896155796 2.9938988627241
"32" 117.1 11870.06 3.90849683786704 2.98606121614032
"33" 116.96 11837.68 3.90393420666403 2.98099165514041
"34" 116.74 11798.38 3.89890510923543 2.97894763840055
"35" 116.62 11749.93 3.89344072616209 2.97234427873391
"36" 116.46 11726.32 3.88310386756979 2.96602977870072
"37" 116.28 11704.35 3.87543916348958 2.96030540431362
"38" 116.05 11665.35 3.86434097518894 2.95562900292052
"39" 115.88 11620.85 3.85946869229403 2.95217488218474
"40" 115.74 11588.51 3.85146668368669 2.94363292041592
"41" 115.57 11555.17 3.84680861300399 2.94135552367666
"42" 115.42 11527.82 3.83789028080123 2.93653069425942
"43" 115.29 11489.95 3.83261656341085 2.92613370175265
"44" 115.15 11462.69 3.82601063577639 2.91908513524188
"45" 114.99 11430.57 3.81688303793085 2.91304020803936
"46" 114.83 11388.61 3.81594182005052 2.90931347009526
"47" 114.73 11367.46 3.80789887545274 2.9038474306209
"48" 114.56 11335.29 3.80156545816918 2.90228201375709
"49" 114.42 11310.68 3.79131175780698 2.89474620012022
"50" 114.23 11272.71 3.78494944567676 2.88740105365005
"51" 114 11236.06 3.77558198146125 2.88288644038491
"52" 113.84 11190.35 3.77410028023517 2.87914177741494
"53" 113.68 11143.45 3.77064100780493 2.87804481518609
"54" 113.5 11116.16 3.76171046438749 2.87145380248168
"55" 113.3 11081.44 3.75373425575155 2.86861001420561
"56" 113.09 11047.17 3.74551525033944 2.86138557379771
"57" 112.96 11011.2 3.74212694337082 2.85790802730552
"58" 112.72 10987.28 3.73513341805294 2.85119550076994
"59" 112.51 10959.01 3.72605911656501 2.84514911010744
"60" 112.36 10940.65 3.71426628552537 2.83798624583698
"61" 112.18 10907.91 3.70994571567288 2.83162898266708
"62" 112.02 10869.67 3.70544714164785 2.82757728436331
"63" 111.85 10850.97 3.69553234976804 2.81991783438851
"64" 111.64 10818.62 3.68705311338557 2.81334219389663
"65" 111.47 10775 3.67798636987738 2.80788705502108
"66" 111.33 10725.23 3.67408128342865 2.80561906920204
"67" 111.16 10695.19 3.66711113323525 2.78991075783791
"68" 111.03 10661.79 3.6589164664162 2.78629075682155
"69" 110.87 10629.3 3.65231961453049 2.78119446494812
"70" 110.69 10593.62 3.64500609580886 2.77625729489381
"71" 110.55 10548.14 3.6413895665708 2.76798374026587
"72" 110.35 10507.65 3.63702694974508 2.76200113551654
"73" 110.19 10473.15 3.63093285433978 2.7529009413498
"74" 110.04 10441.47 3.62337528412936 2.74854717816427
"75" 109.85 10399.34 3.61796047367153 2.74234214800793
"76" 109.72 10378.24 3.60782799709184 2.73559903664291
"77" 109.54 10349.55 3.59650683277473 2.73069086139853
"78" 109.3 10331.59 3.58677026560003 2.72535754330983
"79" 109.01 10291.33 3.57961751261621 2.72195418573996
"80" 108.91 10253.26 3.5739773963837 2.72047207310313
"81" 108.72 10200.53 3.57127108288168 2.7143091151885
"82" 108.55 10169.87 3.56502252227795 2.70887196164852
"83" 108.36 10145.58 3.55362653936032 2.70160703614538
"84" 108.23 10112.14 3.54603146536056 2.69615412913575
"85" 108.06 10082.48 3.53785406874213 2.69009356100075
"86" 107.86 10065.33 3.5256760561956 2.68366579044395
"87" 107.62 10037.04 3.51834518058073 2.68073660065644
"88" 107.45 10017.28 3.5096195868112 2.6771562250392
"89" 107.32 9985.46 3.50160332162046 2.6659635627569
"90" 107.12 9950.73 3.49003774711827 2.66161481055759
"91" 106.93 9928.29 3.48203795506786 2.65431902288898
"92" 106.77 9892.83 3.47387363680728 2.64267539142065
"93" 106.57 9855.63 3.46860049958383 2.64177892464417
"94" 106.4 9827.13 3.45885001193135 2.63605764156469
"95" 106.26 9801.04 3.4499511413658 2.6277002088843
"96" 106.11 9780.74 3.43884435285236 2.62079563166669
"97" 105.91 9751.94 3.43039085665099 2.61822211824044
"98" 105.71 9701.95 3.42359922559982 2.61040376740804
"99" 105.54 9662.76 3.41882961704427 2.60495513278511
"100" 105.36 9626.87 3.41279606758501 2.60292305641236
"101" 105.15 9586.81 3.40576620037991 2.60171606441351
"102" 104.94 9557.83 3.39729814813389 2.59739372352043
"103" 104.69 9516.5 3.39251573881467 2.59164499211751
"104" 104.5 9484.02 3.38138628716989 2.58559041758761
"105" 104.28 9448.77 3.37424830708883 2.58376739477935
"106" 104.07 9428.19 3.36518397031789 2.57421110183215
"107" 103.89 9400.11 3.35690760072656 2.5690938608264
"108" 103.7 9373.26 3.34758245404306 2.56378431060173
"109" 103.52 9326.49 3.3422440497947 2.55678760341533
"110" 103.29 9295.91 3.33402986126761 2.55261024569973
"111" 103.08 9274.87 3.32395534047938 2.54893240490273
"112" 102.94 9248.2 3.31506551006633 2.54247080552226
"113" 102.75 9210.78 3.30629381362772 2.53620173508511
"114" 102.54 9169.52 3.30159284864805 2.53265716535692
"115" 102.34 9133.48 3.29351932479718 2.5284865885653
"116" 102.07 9109.88 3.28380843431131 2.52532327114918
"117" 101.89 9073.67 3.27639336091638 2.51979726662942
"118" 101.65 9044.8 3.26934612367343 2.51637116179852
"119" 101.45 9028.4 3.25849864477146 2.5128881735877
"120" 101.32 9002.43 3.2486843317573 2.50574153326366
"121" 101.18 8971.56 3.24299718788819 2.49950188341405
"122" 100.95 8932.08 3.23877222599403 2.48986743282287
"123" 100.83 8908.19 3.23036615627599 2.4804974225627
"124" 100.55 8858.6 3.22869993030814 2.47610115379788
"125" 100.39 8814.28 3.21690638374552 2.46839677965403
"126" 100.16 8774.6 3.20914778874669 2.4633507727354
"127" 99.97 8752.22 3.20202763910461 2.45830530696298
"128" 99.76 8717.65 3.19191751993701 2.44524173191662
"129" 99.54 8674.15 3.18726425706379 2.44074647436536
"130" 99.33 8646.74 3.17751366751138 2.43270841398869
"131" 99.19 8606.22 3.17045437282276 2.42476155310583
"132" 99 8568.84 3.16106874472534 2.41677762265533
"133" 98.86 8536.34 3.15542077925152 2.41245426149447
"134" 98.7 8508.3 3.14763187061035 2.40606278714106
"135" 98.51 8473.25 3.13972597753771 2.40311149943895
"136" 98.29 8434.44 3.13480064232383 2.40199821698374
"137" 98.07 8404.34 3.12453026148952 2.39548772897246
"138" 97.91 8371.97 3.115352061519 2.38890242240968
"139" 97.78 8338.44 3.10786756143177 2.3806416965627
"140" 97.65 8320.69 3.09624261788206 2.37021241099052
"141" 97.48 8282.54 3.09112902801576 2.36896849855981
"142" 97.3 8245.43 3.08684629417166 2.36036575133737
"143" 97.09 8215.99 3.07987117879065 2.35716106726829
"144" 96.84 8172.65 3.07673061793749 2.34943297699817
"145" 96.53 8137.05 3.06472044089871 2.33868274128134
"146" 96.27 8101.61 3.05847872245423 2.33798382031743
"147" 96.03 8069.18 3.05209508377704 2.33437016202396
"148" 95.77 8028.22 3.04038295290555 2.33077369940308
"149" 95.51 7986.4 3.03128835594162 2.32619954172776
"150" 95.28 7957.39 3.02163639989568 2.32049585941042
"151" 95.04 7934.08 3.0142098038183 2.31508142635298
"152" 94.85 7884.27 3.01569357235903 2.3141788058759
"153" 94.62 7842.32 3.01129229432264 2.31130107115752
"154" 94.38 7797.02 3.00345670215314 2.30390284390514
"155" 94.13 7772.89 2.99409783273639 2.3002629343277
"156" 93.89 7724.86 2.98826742542533 2.29895048690953
"157" 93.62 7679.17 2.98029504902653 2.29426639221808
"158" 93.4 7647.14 2.9703575026928 2.28601667354568
"159" 93.18 7609.08 2.95782669902895 2.27968668989778
"160" 92.98 7567.56 2.95621016198208 2.27716326577094
"161" 92.77 7522.61 2.95197374561315 2.2745439532023
"162" 92.57 7492.67 2.94410467331665 2.26985925549174
"163" 92.33 7470.89 2.93552956460421 2.26556641200429
"164" 92.12 7435.85 2.92771029807109 2.25805939381474
"165" 91.89 7406.55 2.91673125431735 2.25062396632286
"166" 91.67 7372.58 2.91108351155088 2.24558454862213
"167" 91.45 7337.46 2.90124578456055 2.24420724188653
"168" 91.25 7311.93 2.89507885012859 2.23391988788475
"169" 91.08 7278.17 2.88263550515282 2.22871714270032
"170" 90.85 7247.47 2.87676373719072 2.22313749003812
"171" 90.54 7220.41 2.86797886147234 2.22001561479024
"172" 90.32 7197.67 2.86091298045581 2.21297550278453
"173" 90.14 7175.97 2.84961521352993 2.20838847126217
"174" 89.94 7148.14 2.8429283138645 2.20306942946449
"175" 89.72 7108.13 2.83722227696132 2.19908840899499
"176" 89.41 7064.26 2.82923856346675 2.19437843864521
"177" 89.16 7037.5 2.81536054678033 2.18815602495462
"178" 88.89 6987.76 2.81205190497325 2.18297309355094
"179" 88.72 6945.03 2.80353900872429 2.17442574139005
"180" 88.57 6896.57 2.7991611989283 2.16505515657534
"181" 88.36 6865.33 2.79126297626914 2.16015435277982
"182" 88.25 6831.45 2.78433130354217 2.14987329039326
"183" 88.01 6791.37 2.77546179930069 2.14275602784214
"184" 87.77 6773.25 2.76203169399994 2.135608874661
"185" 87.59 6739.52 2.75463169285121 2.13427057956009
"186" 87.39 6692.56 2.75022553298202 2.12964398915248
"187" 87.16 6673.95 2.73669943020117 2.12339183742835
"188" 86.99 6645.72 2.72544093045779 2.11192064761162
"189" 86.82 6600.86 2.72087771153999 2.10472644719577
"190" 86.56 6566.73 2.71128815141854 2.1012549103818
"191" 86.29 6528.98 2.70335673781212 2.09599235400557
"192" 86.1 6509.78 2.69231247769008 2.09043363390869
"193" 85.8 6473.61 2.6864262473748 2.08616464216846
"194" 85.52 6442.25 2.6785356292433 2.078488095176
"195" 85.28 6421.66 2.66791302162444 2.07020507948808
"196" 85.03 6388.26 2.65764884568757 2.06810934405679
"197" 84.75 6352.07 2.64944539491658 2.06323199363483
"198" 84.53 6319.31 2.64217609109965 2.0587933125098
"199" 84.36 6293.04 2.63526142563745 2.05383885215339
"200" 84.07 6232.17 2.63431764456762 2.05659037006031
"201" 83.8 6187.33 2.62533634298439 2.04588403135086
"202" 83.54 6148.5 2.61791102506921 2.04165233621162
"203" 83.3 6128.03 2.61062736679632 2.03519622864836
"204" 83 6086.88 2.60239774922695 2.02956214077766
"205" 82.75 6061.55 2.59273696645053 2.02476921796269
"206" 82.46 6018.69 2.58342923952874 2.0229594564128
"207" 82.18 5989.42 2.57053015511536 2.01725727157009
"208" 81.96 5937.22 2.56598040399073 2.00626965491423
"209" 81.67 5895.21 2.56183703005467 1.999909927755
"210" 81.24 5855.35 2.55651938140845 1.9991758240491
"211" 81 5813.81 2.55033551944474 1.9951072240452
"212" 80.69 5788.75 2.54245324837443 1.99152320937788
"213" 80.48 5751.48 2.53791471589254 1.98393925164948
"214" 80.29 5732.55 2.52519156939757 1.97338517225522
"215" 80 5705.14 2.51444999925782 1.96314216399213
"216" 79.78 5670.68 2.50738045924161 1.95433974101651
"217" 79.5 5642 2.49868560126753 1.94257353539764
"218" 79.27 5600.55 2.49116141490827 1.92889873306784
"219" 79.09 5561.6 2.48197542598555 1.92357413356325
"220" 78.83 5510.03 2.47898525216792 1.91938022351977
"221" 78.56 5486.78 2.46380114139449 1.91372190585787
"222" 78.26 5429.17 2.45754332477813 1.90542740356093
"223" 77.98 5392.38 2.4513780854927 1.89887327705463
"224" 77.76 5355.61 2.44058864850049 1.894020785752
"225" 77.57 5292.05 2.44083737358377 1.88080503200565
"226" 77.37 5276.31 2.42598453633871 1.87083706583022
"227" 77.03 5240.92 2.41976096259966 1.86959437899697
"228" 76.72 5202.94 2.41501982191814 1.86848103636735
"229" 76.45 5157.78 2.41090741198427 1.86326643608375
"230" 76.11 5111.67 2.4069249189028 1.86061031957297
"231" 75.84 5087 2.39418374110067 1.85516377861876
"232" 75.55 5044.25 2.38617061922497 1.85102537463301
"233" 75.3 5014.4 2.37689029523875 1.84636582713572
"234" 74.96 4990.35 2.36752989215462 1.84118431427388
"235" 74.64 4953.01 2.35957073210841 1.83944565186787
"236" 74.39 4910.23 2.35233880939941 1.83295273450979
"237" 74.08 4872.81 2.34673926341391 1.83131128356395
"238" 73.83 4832.95 2.33943180925465 1.81931439307549
"239" 73.51 4795.16 2.32836861537152 1.81356234667765
"240" 73.21 4764.49 2.31599017469453 1.80910684177778
"241" 72.94 4724.2 2.31051388889964 1.80370479047765
"242" 72.57 4690.62 2.30536079698638 1.80188931751258
"243" 72.18 4665.69 2.29669606706846 1.79651387600733
"244" 71.83 4625.19 2.29312329501021 1.79410751144597
"245" 71.53 4590.76 2.2885614064567 1.79157050282387
"246" 71.22 4561.65 2.28129434784199 1.7831897592072
"247" 70.91 4538.85 2.27201428474558 1.77597496616937
"248" 70.53 4506.18 2.2617291606886 1.77431766957361
"249" 70.18 4473.13 2.25984851344699 1.77311274604897
"250" 69.88 4432.03 2.2542093446553 1.7681456553718
"251" 69.65 4406.25 2.24361015650423 1.76231015283712
"252" 69.39 4377.66 2.23696201427524 1.75313616699044
"253" 69.04 4344.02 2.22193709048888 1.74541902718679
"254" 68.77 4307.07 2.21200159451577 1.73559160806801
"255" 68.44 4280.12 2.20078307291112 1.73178379467951
"256" 68.07 4254.38 2.18838026025521 1.72888375178988
"257" 67.73 4221.2 2.18254550241535 1.72618298300797
"258" 67.43 4189.63 2.17229056793909 1.719122953353
"259" 67.15 4136.75 2.16767786272717 1.71468323723865
"260" 66.79 4104.32 2.15792147368395 1.70752435539656
"261" 66.54 4071.66 2.14735167197378 1.69758707187748
"262" 66.17 4045.52 2.13967040298468 1.69318332886414
"263" 65.83 4005.99 2.12890549402037 1.68720673807178
"264" 65.5 3952.18 2.12516960872812 1.68711800113562
"265" 65.24 3920.08 2.1133048148746 1.68094010654546
"266" 64.87 3900.94 2.10112248565099 1.67419432552506
"267" 64.53 3876.57 2.08997046341224 1.6630633030829
"268" 64.14 3840.09 2.08181218249097 1.65655871555571
"269" 63.69 3814.48 2.07575765839212 1.65165297296326
"270" 63.37 3785.42 2.06503492330767 1.64375958125944
"271" 63.04 3755.26 2.05872540473463 1.63789078525675
"272" 62.66 3735.13 2.05069497991063 1.63187544169419
"273" 62.33 3691.71 2.04448826815306 1.63054268175015
"274" 61.98 3660.61 2.03091249272886 1.62660477721196
"275" 61.66 3642.16 2.01748682930124 1.61709035752342
"276" 61.35 3609.12 2.0093451604879 1.6102832017784
"277" 60.91 3574.71 2.00442407509162 1.60223435315099
"278" 60.57 3545.48 1.99688403957028 1.59520559828085
"279" 60.34 3528.77 1.98482896649781 1.58412979140366
"280" 60.03 3472.01 1.98671351910126 1.57911875487762
"281" 59.58 3425.01 1.98803267770891 1.57581179217297
"282" 59.22 3388.27 1.98543497556518 1.57413147532984
"283" 58.84 3359.37 1.97416941942949 1.57236612263095
"284" 58.39 3328.17 1.96637586043141 1.5709722324701
"285" 58.05 3300.99 1.95445336833576 1.5643749096564
"286" 57.67 3272.64 1.94077977621433 1.55845371786958
"287" 57.29 3250.35 1.93154157346908 1.55517751076746
"288" 56.94 3236.4 1.91652303291254 1.54949172669404
"289" 56.55 3208.87 1.90248821801098 1.54291484818168
"290" 56.14 3172.47 1.89479026146926 1.53136067555197
"291" 55.73 3134.26 1.88188545842658 1.52510546944836
"292" 55.42 3113.07 1.87159027077519 1.51842102629757
"293" 54.93 3055.27 1.8715457677209 1.517424803737
"294" 54.47 3009.45 1.86355878350016 1.51708095262693
"295" 54.02 2979.26 1.859059169073 1.51172256432353
"296" 53.61 2948.59 1.84655976000561 1.50113684785152
"297" 53.26 2923.05 1.83644975990694 1.49791813887861
"298" 52.83 2848.59 1.83262761949194 1.49987501914623
"299" 52.4 2816.7 1.82227633921908 1.49395701450784
"300" 52.04 2776.72 1.81468924360696 1.48013411767268
"301" 51.6 2749.91 1.80226576050234 1.47151689152979
"302" 51.14 2716.59 1.79650061973621 1.46477958942133
"303" 50.76 2690.99 1.78405498574408 1.46022057742141
"304" 50.33 2636.45 1.78273796142993 1.45671287003402
"305" 49.89 2603.57 1.77376101361733 1.44664087312423
"306" 49.41 2563.2 1.76525229879399 1.44036563252017
"307" 48.97 2521.45 1.7503333880999 1.43951904041543
"308" 48.59 2496.22 1.73486422680963 1.43163310308587
"309" 48.14 2467.96 1.71941892725629 1.42736108898013
"310" 47.68 2446.14 1.70125555033654 1.42167043040704
"311" 47.27 2408.59 1.69367778449195 1.41524065440644
"312" 46.85 2384.5 1.67989105878718 1.40861963436043
"313" 46.46 2356.51 1.66872838707777 1.40056234128795
"314" 45.99 2320.07 1.65752918834619 1.39722328954204
"315" 45.55 2298.34 1.64590970369401 1.3862310376027
"316" 45.05 2262.96 1.63985456623485 1.38309557282617
"317" 44.57 2232.25 1.62902065180855 1.37822566090941
"318" 43.95 2192.71 1.62068180777216 1.37357432687133
"319" 43.41 2164.82 1.61366206379469 1.36930530851417
"320" 42.94 2126.11 1.60331941594727 1.36846266443947
"321" 42.47 2086.53 1.60046356660888 1.36385360528778
"322" 41.94 2052.63 1.59357984532531 1.35340738631764
"323" 41.48 2022.21 1.58565797434626 1.34725211030691
"324" 41 2001.8 1.57193691303205 1.34063427092808
"325" 40.4 1977.16 1.56109456155561 1.33653396682808
"326" 39.99 1951.04 1.54952682490947 1.32447756707614
"327" 39.57 1908.02 1.55145530957497 1.32004231801329
"328" 39.13 1873.08 1.53789713395619 1.30960076283709
"329" 38.56 1842.13 1.53329627313861 1.30928511100975
"330" 38.01 1805.88 1.52522215987377 1.29877682421537
"331" 37.43 1780.75 1.51487980666419 1.29489634533093
"332" 36.89 1750.6 1.50550281804871 1.28675393697335
"333" 36.37 1701.86 1.49570713701122 1.28698683593957
"334" 35.83 1660.84 1.48913236309157 1.27541053939074
"335" 35.35 1632.49 1.48277351065676 1.27202485680929
"336" 34.8 1599.35 1.47944395420678 1.27063282244044
"337" 34.27 1557.62 1.47439579863232 1.2657484147685
"338" 33.69 1517.52 1.46879708637882 1.26280334798697
"339" 33.22 1488.96 1.45937205579872 1.25209757088149
"340" 32.65 1457.34 1.44624543716426 1.24524200008229
"341" 32.1 1417.55 1.44164514772034 1.24190298353615
"342" 31.45 1386.35 1.43559832947802 1.24080883621208
"343" 30.88 1354.21 1.4268706271812 1.23495134536533
"344" 30.21 1305.88 1.41995006581954 1.23332859596653
"345" 29.66 1280.97 1.40135045515861 1.2267792227538
"346" 29.14 1250.65 1.3857753571949 1.21844748572954
"347" 28.5 1218.25 1.37635490300521 1.21610829520792
"348" 27.82 1187.52 1.36815155536825 1.21418792848107
"349" 27.14 1169.61 1.35068774363188 1.21071311196038
"350" 26.51 1141.31 1.33859891373728 1.20340212825555
"351" 25.83 1097.53 1.33610101366853 1.19658613898188
"352" 25.18 1070.89 1.32502607922716 1.1956078969542
"353" 24.49 1031.38 1.30951239959657 1.18668154894009
"354" 23.73 996.64 1.30227198963366 1.1890417059482
"355" 23.08 960.13 1.29343185576184 1.17967547102249
"356" 22.38 934.81 1.28523691556458 1.1786679409097
"357" 21.67 904.22 1.26342931851654 1.17583139111018
"358" 20.89 855.08 1.26052886450299 1.17662944238709
"359" 20.17 820.23 1.24953695974339 1.16682542034098
"360" 19.39 798.61 1.2420607908622 1.16276723979719
"361" 18.69 760.47 1.2397307819579 1.15540157352364
"362" 18.01 740.96 1.22340621271599 1.14594199991465
"363" 17.33 721.68 1.21118258083645 1.13129359965878
"364" 16.63 680.15 1.21429381858361 1.12306323906559
"365" 15.85 654.11 1.20374634899434 1.11495577187265
"366" 15.06 616.9 1.20138855422267 1.11860574445486
"367" 14.3 566.55 1.19702229395688 1.10602759411328
"368" 13.46 524.17 1.19172148024086 1.09752919612678
"369" 12.62 486.01 1.18767483161141 1.09491474512529
"370" 11.84 425.6 1.17386715446794 1.08791312703811
"371" 11 395.15 1.16503831783085 1.08747562505079
"372" 10.17 379.66 1.15764389974079 1.07146011588487
"373" 9.37 353.28 1.13926974541847 1.05565285371862
"374" 8.48 302.5 1.12315610670453 1.05023009503129
"375" 7.62 267.62 1.11428243729003 1.04132240560209
"376" 6.76 230.95 1.11565139482156 1.02586648690334
"377" 5.82 187.03 1.10551929463164 1.02090872676228
"378" 4.86 162.22 1.08357485659792 1.01938746451914
"379" 3.93 137.42 1.06338363166818 1.01030341185761
"380" 2.96 106.54 1.04150595835303 1.00814465928376
"381" 1.98 66.77 1.01606238782526 1.01438356747034
"382" 1 31.38 1 1
