"V1" "V2" "V3"
"1" 122 0.788110520945617 0
"2" 121.87 12840.11 0.788544370176814
"3" 121.67 12796.09 0.788933887056833
"4" 121.54 12774.14 0.789425460015953
"5" 121.44 12753.03 0.789958849041693
"6" 121.34 12721.88 0.790547326932658
"7" 121.17 12693.92 0.790995140675195
"8" 121.06 12660.77 0.791372455866997
"9" 120.94 12637.83 0.791753026782394
"10" 120.85 12606.19 0.792266583675487
"11" 120.73 12566.31 0.792374360714096
"12" 120.57 12537.57 0.792886211054409
"13" 120.44 12503.07 0.793297683016983
"14" 120.23 12468.68 0.79357086046948
"15" 120.09 12419.54 0.793470408577339
"16" 119.92 12379.06 0.793728482979324
"17" 119.74 12359.53 0.794110164517886
"18" 119.61 12329.36 0.794328470876954
"19" 119.44 12269.54 0.794189201695615
"20" 119.29 12238.21 0.794419375631472
"21" 119.21 12214.08 0.795085115093305
"22" 119.02 12169.77 0.795368734813344
"23" 118.9 12128.93 0.795599720063486
"24" 118.75 12105.83 0.796075171671988
"25" 118.5 12071.15 0.796180242526944
"26" 118.35 12045.13 0.796486624741972
"27" 118.16 11999.75 0.79662380146208
"28" 118.03 11966.27 0.79695921013098
"29" 117.88 11928.71 0.797260560579566
"30" 117.79 11895.86 0.797652544997569
"31" 117.6 11850.94 0.797580495642706
"32" 117.5 11816.5 0.797977425639152
"33" 117.37 11785.57 0.798356320767958
"34" 117.25 11737.62 0.798595004484477
"35" 117.09 11711.43 0.798940021116417
"36" 116.96 11678.93 0.799410018284965
"37" 116.8 11632.46 0.799463356218508
"38" 116.59 11591.1 0.799372403719212
"39" 116.4 11560.41 0.799890415952846
"40" 116.28 11511.01 0.800217194533109
"41" 116.14 11472.93 0.800683772501104
"42" 115.98 11440.39 0.800950164433889
"43" 115.75 11418.22 0.801342063497091
"44" 115.55 11391.13 0.801718320922793
"45" 115.4 11355.4 0.802212702505578
"46" 115.18 11311.46 0.802032161435925
"47" 115 11268.28 0.802433734112507
"48" 114.85 11253.17 0.80300190805905
"49" 114.61 11212.2 0.803358729889886
"50" 114.37 11174.57 0.803521157825515
"51" 114.19 11153.93 0.804057731691551
"52" 113.99 11101.88 0.804133207148009
"53" 113.82 11073.37 0.804354717905901
"54" 113.64 11037.82 0.804379916575841
"55" 113.44 11006.72 0.804692691641883
"56" 113.26 10970.89 0.805029557958832
"57" 113.06 10946.41 0.805555289401909
"58" 112.93 10915.12 0.806086030696607
"59" 112.76 10879.74 0.806212026256424
"60" 112.59 10845.85 0.806843519430201
"61" 112.47 10812.73 0.807317618995063
"62" 112.32 10774.14 0.80769680155297
"63" 112.11 10720.89 0.807384053229876
"64" 111.88 10683.65 0.807372049715554
"65" 111.78 10656.89 0.808008288908331
"66" 111.62 10610.4 0.807979747273079
"67" 111.44 10580.89 0.80814132708538
"68" 111.23 10549.51 0.808284307687337
"69" 111.06 10516.17 0.808459119039039
"70" 110.88 10489.94 0.80867189377752
"71" 110.69 10460.74 0.80906444079044
"72" 110.49 10432.93 0.809212197713911
"73" 110.3 10401.56 0.809578803057684
"74" 110.19 10373.4 0.810013564400116
"75" 110.05 10349.64 0.810557065177383
"76" 109.83 10330.54 0.81107336917347
"77" 109.7 10306.22 0.811453584403258
"78" 109.53 10278.56 0.811866065253801
"79" 109.36 10245.36 0.81214030973871
"80" 109.23 10223.24 0.8127391215226
"81" 109.09 10177.39 0.813043538919753
"82" 108.92 10128.06 0.813180715558421
"83" 108.73 10091.27 0.813310977434896
"84" 108.49 10055.25 0.813762603744452
"85" 108.38 10024.54 0.814108103697389
"86" 108.18 9992.62 0.814382385698669
"87" 107.98 9956.4 0.814817729610836
"88" 107.79 9918.51 0.81499713297502
"89" 107.64 9883.86 0.815145973492229
"90" 107.47 9829.45 0.815041516156732
"91" 107.3 9808.18 0.815371575139304
"92" 107.17 9782.36 0.815860112272951
"93" 106.97 9739.6 0.815911827382321
"94" 106.81 9697.22 0.815818306077636
"95" 106.63 9673.81 0.816367690224956
"96" 106.46 9641.08 0.816610040188367
"97" 106.29 9602.69 0.817035201726576
"98" 106.15 9576.75 0.817500542229445
"99" 105.95 9550.27 0.817753306965313
"100" 105.76 9510.87 0.817941677346707
"101" 105.57 9467.08 0.818271664490786
"102" 105.39 9426.91 0.818474591390499
"103" 105.23 9385 0.818778395624262
"104" 105.02 9348.84 0.818868732441264
"105" 104.79 9326.82 0.819329591186697
"106" 104.51 9293.23 0.819575851995772
"107" 104.35 9270.38 0.819957758745549
"108" 104.2 9238.63 0.820002588748434
"109" 104.04 9183.98 0.820577689974488
"110" 103.83 9150.15 0.820908436369327
"111" 103.7 9112.37 0.821663306342287
"112" 103.56 9068.63 0.821746862528701
"113" 103.3 9037.77 0.821746799188601
"114" 103.1 9012.91 0.822234858222987
"115" 102.86 8985.04 0.822573488547478
"116" 102.69 8955.82 0.823167924513882
"117" 102.45 8918.47 0.823519518903589
"118" 102.22 8877.36 0.823698278021776
"119" 101.92 8852.89 0.823747577780618
"120" 101.77 8824.41 0.824324696279801
"121" 101.56 8781.1 0.824263680361305
"122" 101.38 8750.52 0.824739633255311
"123" 101.18 8723.55 0.825292984718483
"124" 100.95 8690.35 0.825397597279889
"125" 100.8 8651.07 0.825850410269816
"126" 100.6 8622.85 0.825997017174049
"127" 100.36 8602.72 0.826470286159197
"128" 100.15 8580.2 0.827037981734458
"129" 99.96 8556.18 0.827395633399448
"130" 99.78 8536.8 0.827937678573242
"131" 99.56 8490.85 0.828101673063874
"132" 99.37 8452.49 0.828356908188864
"133" 99.14 8427.97 0.828909439998057
"134" 98.88 8386.43 0.828753509116476
"135" 98.61 8335.01 0.828897401671992
"136" 98.33 8307.73 0.829303596613664
"137" 98.13 8281.61 0.829759597394607
"138" 97.96 8253.66 0.830480949956151
"139" 97.75 8215.79 0.830834569413686
"140" 97.43 8167.17 0.830928283118905
"141" 97.21 8112.08 0.830965667219652
"142" 97.06 8072.08 0.831169554058137
"143" 96.93 8041.33 0.831682494282063
"144" 96.73 8009.13 0.832071428093458
"145" 96.52 7982.89 0.832487356135377
"146" 96.31 7935.2 0.832520263312348
"147" 96.16 7901.68 0.833301001595456
"148" 95.99 7870.69 0.833903389283499
"149" 95.78 7826.9 0.834279854475309
"150" 95.6 7798.37 0.834991420250789
"151" 95.44 7764.8 0.835575867719313
"152" 95.22 7736.8 0.836257125108839
"153" 94.96 7708.29 0.836696434170632
"154" 94.75 7671.88 0.836423696357419
"155" 94.55 7651.17 0.836771795637894
"156" 94.37 7614.34 0.837206529687743
"157" 94.19 7593.9 0.837802715829954
"158" 93.92 7546.79 0.838184935630747
"159" 93.7 7515.24 0.838975728126132
"160" 93.44 7488.36 0.839824718620823
"161" 93.18 7458.4 0.840759148037993
"162" 92.95 7413.31 0.84108884473126
"163" 92.69 7374.97 0.841196182489252
"164" 92.46 7343.5 0.841328890663872
"165" 92.3 7315.65 0.841812035214942
"166" 92.1 7296.69 0.842322208025162
"167" 91.9 7273.84 0.842846500064512
"168" 91.59 7226.82 0.842656850396375
"169" 91.36 7213.33 0.843430613137689
"170" 91.14 7184.13 0.844051056951128
"171" 91.01 7145.72 0.844339907890586
"172" 90.8 7101.79 0.844605693163266
"173" 90.52 7077.43 0.84515055726854
"174" 90.26 7053.61 0.845565608931883
"175" 90.06 7020.9 0.846046796261366
"176" 89.88 6985.57 0.846391474784927
"177" 89.59 6958.93 0.846964273086889
"178" 89.39 6926.54 0.847737698819555
"179" 89.15 6906.17 0.84859727719157
"180" 88.87 6865.18 0.848722417528029
"181" 88.57 6843.04 0.849363247167772
"182" 88.35 6822.13 0.85002011666637
"183" 88.11 6804.52 0.850666873881418
"184" 87.85 6772.2 0.851135024203161
"185" 87.66 6747.46 0.851781478211868
"186" 87.37 6712.37 0.8523184178418
"187" 87.07 6697.73 0.852661192703807
"188" 86.83 6676.25 0.853459880108566
"189" 86.58 6641.19 0.853717716698733
"190" 86.35 6610.3 0.854354497352256
"191" 86.02 6586.33 0.855049902248674
"192" 85.77 6560.72 0.855563594792775
"193" 85.58 6516.21 0.855662129909935
"194" 85.31 6483.65 0.856163422961798
"195" 84.97 6448.96 0.856164445253698
"196" 84.63 6412.42 0.856549981412786
"197" 84.37 6392.15 0.857063154942985
"198" 84.17 6369.61 0.857652967336433
"199" 83.95 6339.42 0.858172713629669
"200" 83.69 6293.29 0.858404825843611
"201" 83.47 6264.37 0.859375452340157
"202" 83.23 6240.02 0.860373837422218
"203" 83.06 6209.9 0.861225207256372
"204" 82.8 6184.95 0.861961642126828
"205" 82.54 6156.53 0.862649426363958
"206" 82.22 6102.5 0.862799116287683
"207" 81.89 6070 0.862989518366572
"208" 81.55 6027.04 0.863047025877576
"209" 81.23 5974.18 0.863363539461517
"210" 80.94 5936.12 0.863875264583125
"211" 80.7 5904.26 0.864327694379279
"212" 80.43 5876.17 0.864880425943205
"213" 80.19 5823.32 0.865136573830171
"214" 79.92 5797.26 0.865565513155995
"215" 79.64 5762.63 0.866164283350431
"216" 79.42 5715.51 0.866498658546587
"217" 79.06 5687.29 0.86700953626572
"218" 78.8 5636.93 0.866990378444802
"219" 78.56 5600.63 0.867332410804278
"220" 78.34 5568.32 0.868011487154572
"221" 78.16 5536.85 0.868986032884446
"222" 77.9 5515.16 0.869471657925777
"223" 77.67 5484.07 0.87010864858865
"224" 77.44 5429.89 0.870663550021944
"225" 77.13 5398.01 0.871028351777258
"226" 76.81 5371.14 0.871458136599677
"227" 76.48 5334.62 0.871358371047787
"228" 76.18 5300.27 0.872000873057085
"229" 75.89 5265.02 0.872506440503354
"230" 75.6 5228.09 0.872977677997004
"231" 75.39 5191.98 0.87388485678865
"232" 75.12 5163.9 0.874263742068329
"233" 74.86 5103.23 0.874836007571544
"234" 74.58 5077.04 0.875517828775034
"235" 74.29 5053.98 0.875923615988994
"236" 74.04 5027.64 0.87694786571594
"237" 73.78 4995.97 0.877708436040451
"238" 73.53 4959.43 0.878481670466231
"239" 73.33 4936.7 0.879039628017131
"240" 72.98 4901.95 0.878883926181251
"241" 72.65 4860.86 0.879277880302611
"242" 72.3 4831.55 0.880256122309219
"243" 71.87 4798.01 0.880526920381195
"244" 71.61 4770.71 0.881597629533952
"245" 71.3 4742.36 0.881810787538027
"246" 70.99 4711.03 0.882602820416007
"247" 70.65 4679.91 0.883411904235063
"248" 70.28 4653.28 0.884129666680106
"249" 70.05 4628.61 0.885220917509868
"250" 69.73 4603.49 0.885715549705575
"251" 69.45 4563.92 0.886930072441716
"252" 69.14 4537.43 0.887991598229521
"253" 68.87 4505.43 0.888930589292956
"254" 68.58 4460.95 0.889809117592543
"255" 68.29 4430.32 0.890709886521323
"256" 68.04 4397.89 0.891373231899209
"257" 67.74 4375.56 0.892062474829143
"258" 67.44 4349.55 0.892558365206617
"259" 67.19 4308.13 0.893132826648333
"260" 66.83 4260.7 0.893866812780771
"261" 66.54 4223.15 0.894155265061154
"262" 66.18 4174.73 0.895016941109052
"263" 65.79 4136.48 0.895046427241893
"264" 65.45 4094.82 0.895531354871746
"265" 65.1 4055.87 0.895746120355259
"266" 64.73 4014.93 0.896578462698275
"267" 64.34 3996.76 0.897294297594039
"268" 63.99 3976.17 0.89814865112246
"269" 63.65 3952.01 0.899344395455748
"270" 63.37 3897.91 0.899994697779582
"271" 63.02 3846.66 0.900355011835822
"272" 62.7 3828.29 0.901218136753861
"273" 62.39 3793.92 0.90169044386698
"274" 62.05 3770.66 0.902839564345737
"275" 61.7 3723.58 0.903360393968674
"276" 61.39 3673.37 0.904665512947939
"277" 61.01 3652.54 0.905737262416772
"278" 60.75 3625.16 0.906758620725584
"279" 60.34 3588.83 0.907130015398492
"280" 59.94 3563.39 0.908090810431676
"281" 59.52 3533.31 0.909250892673499
"282" 59.12 3479.31 0.909788293123551
"283" 58.76 3446.35 0.910349842625066
"284" 58.44 3403.69 0.911267691870056
"285" 58.08 3376.82 0.912402660051999
"286" 57.76 3340.78 0.913136615912109
"287" 57.42 3305.24 0.913701957106431
"288" 57.07 3266.36 0.914646603079436
"289" 56.8 3233.63 0.915428742727178
"290" 56.51 3193.53 0.916295460139661
"291" 56.11 3173.63 0.917071497661204
"292" 55.74 3141.52 0.918296664006873
"293" 55.34 3102.98 0.918944795560599
"294" 54.93 3064.34 0.919292572444279
"295" 54.5 3034.34 0.919649847276133
"296" 54.09 3005.11 0.920309249910985
"297" 53.66 2970 0.920808126414294
"298" 53.24 2917.25 0.921290744910871
"299" 52.82 2872.74 0.921875918336994
"300" 52.42 2832.91 0.922570606540368
"301" 51.97 2808.14 0.923631674184924
"302" 51.62 2783.22 0.924362886534131
"303" 51.28 2757.94 0.925921119637082
"304" 50.89 2721.18 0.927145464568358
"305" 50.44 2683.31 0.927713471155549
"306" 50.08 2658.13 0.92943833454845
"307" 49.72 2629.66 0.930156147449135
"308" 49.27 2592.02 0.931280275673172
"309" 48.85 2553.92 0.932401912451364
"310" 48.38 2501.35 0.932179654578666
"311" 47.86 2462.14 0.932166538462731
"312" 47.47 2429.6 0.933937346647853
"313" 47.07 2395.5 0.935394190256496
"314" 46.69 2374.68 0.936873200353219
"315" 46.29 2337.17 0.937936729682312
"316" 45.78 2300.36 0.937744384711411
"317" 45.36 2257.67 0.939140903559146
"318" 44.82 2226.96 0.940374229929715
"319" 44.31 2196.81 0.941656237945022
"320" 43.82 2180.26 0.943188143370317
"321" 43.32 2148.7 0.943530595324608
"322" 42.82 2120.15 0.944001169919862
"323" 42.37 2079.94 0.945455591366007
"324" 41.86 2054.63 0.946509872149058
"325" 41.33 2016.61 0.947048682097489
"326" 40.83 1962.56 0.947696256869763
"327" 40.36 1939.72 0.949061752500276
"328" 39.79 1907.55 0.950311445897231
"329" 39.16 1882.22 0.951967431521068
"330" 38.71 1856.89 0.953252860717033
"331" 38.21 1799.11 0.954469243293703
"332" 37.63 1759.7 0.954972389302031
"333" 37.02 1709.95 0.954489162758931
"334" 36.46 1669.22 0.955344846166338
"335" 35.95 1622.47 0.956721944799051
"336" 35.42 1598.16 0.95823424919506
"337" 34.83 1567.18 0.958620471114134
"338" 34.31 1526.39 0.960520598660091
"339" 33.72 1476.91 0.961561267732946
"340" 33.16 1442.15 0.962568100207552
"341" 32.55 1395.82 0.963773231244982
"342" 31.89 1347.33 0.964743863443465
"343" 31.28 1321.13 0.965682635008967
"344" 30.69 1300.02 0.967239703603573
"345" 30.04 1284.18 0.96736734601489
"346" 29.35 1253.57 0.96819005923908
"347" 28.6 1230.5 0.968801193889895
"348" 27.94 1202.88 0.970340736068035
"349" 27.24 1173.41 0.971184750742226
"350" 26.5 1131.52 0.972402936269599
"351" 25.84 1105.76 0.974108809074398
"352" 25.14 1064.39 0.976173791575904
"353" 24.55 1036.19 0.977519273512783
"354" 23.84 1019.3 0.978852794298255
"355" 23.19 977.57 0.981090986611125
"356" 22.5 948.78 0.981575431907269
"357" 21.78 924.84 0.983132655277348
"358" 21.07 885.98 0.983721805192956
"359" 20.42 832.54 0.984537285270514
"360" 19.75 798.4 0.987136841654674
"361" 19.01 757 0.987718500203272
"362" 18.27 708.68 0.987653781224385
"363" 17.49 678.62 0.987993652773714
"364" 16.66 647.25 0.987769094746424
"365" 15.86 609.19 0.988061706734231
"366" 15.01 583.18 0.988185231250258
"367" 14.23 558.84 0.988520771396521
"368" 13.48 522.42 0.992619958564821
"369" 12.67 486.18 0.991948782474143
"370" 11.9 453.72 0.993622660654717
"371" 11.1 410.59 0.994862214077563
"372" 10.29 377.84 0.99625385486351
"373" 9.45 335.35 0.995804817366386
"374" 8.59 306.25 0.995805184460472
"375" 7.71 272.32 0.996767585402774
"376" 6.78 238.62 0.996936292873473
"377" 5.87 206.7 0.998285861181332
"378" 4.93 177.47 1
"379" 3.94 136.09 0.999271225526043
"380" 2.97 106.96 1
"381" 1.99 68.65 NA
"382" 1 29.51 NA
