"Obj" "AbuOrd" "AbuRnd" "RowSpO" "RowSpR" "ColSpO" "ColSpR" "IntOrd" "IntRnd" "H2Ord" "H2Rnd" "GenOrd" "GenRnd" "VulOrd" "VulRnd" "50%rOrd" "50%rRnd" "50%cOrd" "50%cRnd" "50%intOrd" "50%intRnd"
"1" 0 9624 9624 34 34 69 69 91 91 0.949790197430077 0.949790417903965 1.38882889108086 1.38882889108086 1.91543845593966 1.91543845593966 9 9 10 10 13 13
"2" 53 9571 9571 33 33.82 56 68.09 74 89.85 0.953543773009796 0.951149810219062 1.37736861916128 1.38307708672839 1.87135040838145 1.89952203892259 9 9 10 10 12 12.15
"3" 106 9518 9518 33 33.68 52 66.31 66 87.69 0.95840400454641 0.952309617926374 1.35582312817323 1.37739721385877 1.83965763525728 1.88389391371327 9 9 10 10 12 12
"4" 159 9465 9465 33 33.5 48 64.34 60 85.15 0.960852810191872 0.953460683651329 1.34395745928264 1.37114684418952 1.7925095697951 1.86851978169115 9 8.95 10 10 12 12
"5" 212 9412 9412 33 33.28 46 62.32 56 82.4 0.964826254617218 0.954475706067523 1.32362001167781 1.364802178783 1.77297804621881 1.85355411469003 8 8.44 10 10 12 12
"6" 265 9359 9359 33 33.15 45 60.69 54 80.09 0.966604703558061 0.95531081292247 1.31324076405317 1.35881834760888 1.76246373487426 1.83956988360014 8 8.06 10 10 12 12
"7" 318 9306 9306 32 33.06 43 58.94 52 77.46 0.966261156651813 0.956120818881347 1.31502474863245 1.35312339151539 1.75122663865308 1.82612472306506 8 8.01 10 10 12 12
"8" 371 9253 9253 31 33.02 41 57.43 50 75.27 0.966369172592385 0.956900863758422 1.31682917008252 1.34740654195682 1.74090803153212 1.81295427036843 8 8 10 10 12 12
"9" 424 9200 9200 31 33.01 40 55.95 49 72.8 0.965470061045278 0.957712207918886 1.31865438160583 1.34170345234607 1.72518463863349 1.80060103478378 8 8 9 10 12 12
"10" 477 9147 9147 31 33.01 39 54.63 47 70.67 0.967947179166725 0.958251587173369 1.29927661580956 1.33708801546702 1.69173534597987 1.78908014717474 8 8 9 10 12 12
"11" 530 9094 9094 30 33 39 53.2 46 68.54 0.968322698615449 0.958857421587325 1.29022986293167 1.33255780966082 1.69576679235517 1.77823391959329 8 8 9 10 12 12
"12" 583 9041 9041 29 33 38 51.91 45 66.41 0.969993899744627 0.959418841868036 1.2919312436125 1.3279981465983 1.69271201594195 1.76791687679526 8 8 9 9.97 11 12
"13" 636 8988 8988 29 33 37 50.82 44 64.58 0.971579048641624 0.959819899853997 1.28406820843773 1.32399065454257 1.67045976728246 1.75846296775956 8 8 9 9.83 11 12
"14" 689 8935 8935 29 33 37 49.81 43 63.05 0.9721042722991 0.960204547553681 1.28062126251992 1.32019316490922 1.65124541583224 1.7496210210437 8 8 9 9.39 11 12
"15" 742 8882 8882 29 33 36 48.99 42 61.71 0.9709207857424 0.960638634609766 1.28229576453675 1.31635925220302 1.65111930604115 1.74140189931777 8 8 9 9.1 11 11.96
"16" 795 8829 8829 28 33 35 48.33 41 60.62 0.972350707186286 0.961020131056974 1.25709447392068 1.31302739082724 1.6432807682642 1.73399484842489 8 8 9 9 11 11.51
"17" 848 8776 8776 28 33 35 47.9 40 59.78 0.974853570846665 0.96141516992076 1.22035999317042 1.30943478637643 1.61421945076021 1.72691963973173 8 8 9 9 11 11.06
"18" 901 8723 8723 28 33 34 47.38 39 58.99 0.976357625664461 0.96177561325579 1.2216988765406 1.3059207546013 1.54349074027016 1.72028112563444 8 8 9 9 11 11
"19" 954 8670 8670 28 32.99 34 47.08 39 58.47 0.974062272964087 0.962139507636757 1.22305412918842 1.30291219457199 1.52394574535933 1.71412247563031 8 8 9 9 11 11
"20" 1007 8617 8617 28 32.97 33 46.88 38 57.89 0.975259207581353 0.962343722550864 1.22442605315813 1.29984027697838 1.51025631749128 1.70799002867208 8 8 9 9 11 11
"21" 1060 8564 8564 27 32.97 32 46.76 37 57.44 0.974925463490785 0.962668088201305 1.225814957971 1.2969398231213 1.51226724045513 1.70214278841866 8 8 9 9 10 11
"22" 1113 8511 8511 27 32.97 32 46.54 37 56.89 0.974192803365271 0.962967349758063 1.22722116085814 1.29388531312202 1.4895237570984 1.69582564198764 8 8 9 9 10 11
"23" 1166 8458 8458 27 32.91 31 46.25 36 56.37 0.972776346747208 0.963159046922605 1.22864498700208 1.291209357335 1.46305774335813 1.68961687514659 8 8 9 9 10 11
"24" 1219 8405 8405 27 32.88 31 46.09 36 55.96 0.971973069395006 0.963374454229345 1.23008676978746 1.28845795342624 1.45189673065427 1.68375434218701 8 8 8 9 10 11
"25" 1272 8352 8352 27 32.82 30 45.86 35 55.55 0.976583525848495 0.963606337170242 1.22038125944697 1.28613808016361 1.44839411416361 1.67800383233847 7 8 8 9 10 11
"26" 1325 8299 8299 26 32.79 30 45.67 34 55.18 0.982248394467167 0.96386308922738 1.20119515180771 1.28364905194364 1.45125769869797 1.67180757657091 7 8 8 9 10 11
"27" 1378 8246 8246 26 32.69 30 45.41 34 54.77 0.982006027565234 0.964194838964052 1.20248830522098 1.28144440310356 1.45415809380238 1.66579554025707 7 8 8 9 10 11
"28" 1431 8193 8193 25 32.59 29 45.09 33 54.33 0.980403918514292 0.964496332402184 1.2037981892899 1.27930511873365 1.45595113340801 1.65985344673101 7 8 8 9 10 11
"29" 1484 8140 8140 25 32.53 29 44.75 33 53.93 0.9785865213876 0.964781472519723 1.20512513081722 1.27711901324465 1.4461236691148 1.65349991976575 7 8 8 9 10 10.99
"30" 1537 8087 8087 25 32.39 28 44.39 32 53.51 0.983698500152557 0.965123203651554 1.20389244272807 1.2747720271824 1.43090099738229 1.64751150633189 7 8 8 9 10 10.83
"31" 1590 8034 8034 25 32.29 28 44.02 32 53.09 0.990965389054623 0.965372141197851 1.18064965246993 1.27265534105613 1.43374363527889 1.64132520125542 7 8 8 9 9 10.46
"32" 1643 7981 7981 24 32.16 28 43.67 31 52.71 0.995066973992558 0.965769404354279 1.1419992452137 1.27045760164557 1.43566101092843 1.63514187174152 7 8 8 9 9 10.11
"33" 1696 7928 7928 24 32.01 28 43.26 31 52.26 0.997993371878421 0.966201503224304 1.12892788455106 1.26813690896245 1.42348906976428 1.62845243883888 7 8 8 9 9 10.02
"34" 1749 7875 7875 24 31.87 28 42.93 30 51.92 1 0.966597225273807 1.10791895006249 1.26587470084696 1.40366672206374 1.62198781141729 7 8 8 9 9 10
"35" 1802 7822 7822 24 31.74 28 42.49 30 51.44 1 0.966945626412578 1.10865018304042 1.26324214442664 1.36746092137136 1.61596299756235 7 8 8 8.97 9 10
"36" 1855 7769 7769 24 31.59 28 42.09 30 51.01 1 0.967357388713436 1.10939139293888 1.26100126887175 1.30939849879689 1.60941943293634 7 7.99 8 8.87 9 10
"37" 1908 7716 7716 24 31.48 27 41.69 29 50.53 1 0.967880064280158 1.11014278534761 1.25841914318286 1.30109925260767 1.60291521700726 7 7.98 8 8.67 9 10
"38" 1961 7663 7663 24 31.33 27 41.31 29 50.11 1 0.968291827726889 1.11090457154406 1.25597059749767 1.3031817608144 1.5967253872415 7 7.9 8 8.37 9 10
"39" 2014 7610 7610 23 31.1 26 40.97 28 49.64 0.9991469435207 0.968766744492542 1.11167696869148 1.25330398791374 1.29632812974665 1.59038262922321 7 7.72 8 8.17 9 10
"40" 2067 7557 7557 23 30.91 26 40.61 28 49.15 0.995567790722495 0.969224413255436 1.11246020004527 1.25078579695154 1.28087508748688 1.58359687704248 7 7.44 8 8.05 9 10
"41" 2120 7504 7504 23 30.74 25 40.26 27 48.66 0.994501842665974 0.969698361525689 1.11325449516819 1.24814017823251 1.25812014419324 1.57710055989953 7 7.21 7 8.01 8 10
"42" 2173 7451 7451 23 30.53 25 39.88 27 48.03 0.99279252898954 0.970203026062303 1.11406009015463 1.24547871397377 1.2327462196128 1.57068084191231 7 7.08 7 8 8 10
"43" 2226 7398 7398 23 30.35 25 39.45 27 47.44 0.993900208903992 0.9706291645317 1.11487722786458 1.24311994517357 1.19607782504888 1.56422216780711 7 7.03 7 8 8 9.98
"44" 2279 7345 7345 23 30.2 24 39.05 26 46.92 0.991456924422939 0.971040395006528 1.11570615816775 1.24068738808904 1.16805516628496 1.5581185007551 7 7 7 8 8 9.88
"45" 2332 7292 7292 23 30.02 24 38.75 26 46.42 0.987389375829035 0.97131861339173 1.11654713819832 1.23819545186293 1.15701690970856 1.55168790825894 7 7 7 8 8 9.65
"46" 2385 7239 7239 23 29.88 24 38.43 26 45.96 0.993358456202659 0.971613175600383 1.11740043262082 1.23576563255819 1.13879552252033 1.54535353224809 7 7 7 8 8 9.3
"47" 2438 7186 7186 23 29.71 23 38.19 25 45.49 0.994630505877382 0.971758386683983 1.11826631390789 1.23344942638555 1.13385586268642 1.53895271325327 7 7 7 8 8 9.12
"48" 2491 7133 7133 23 29.56 23 37.88 25 44.97 0.994581376746716 0.971981049607068 1.11914506263033 1.23101696219904 1.13485044571213 1.53247903912522 7 7 7 8 8 9.01
"49" 2544 7080 7080 23 29.47 23 37.68 25 44.62 0.994489937982106 0.972047884243474 1.12003696776019 1.22876078512747 1.13585991938766 1.52649475083756 6 7 7 8 8 9
"50" 2597 7027 7027 22 29.3 22 37.38 24 44.19 0.994431227314853 0.972176333350889 1.12094232698764 1.22615876102879 1.13688462064389 1.52004526632451 6 7 7 8 8 9
"51" 2650 6974 6974 22 29.24 22 37.22 24 43.91 0.994460954736062 0.972205151335128 1.12186144705221 1.22377438925469 1.13792489665395 1.51365031468686 6 7 7 8 7 9
"52" 2703 6921 6921 22 29.19 22 37.03 24 43.57 0.994378811665423 0.972171326176086 1.12279464408931 1.22138307372689 1.13898110522535 1.50745620483428 6 7 7 8 7 9
"53" 2756 6868 6868 21 29.13 21 36.88 23 43.33 0.994219261963184 0.9722520024634 1.12374224399274 1.21875568983978 1.14005361521034 1.50149552004536 6 7 6 8 7 9
"54" 2809 6815 6815 21 29.11 21 36.73 23 43.11 0.994174602917013 0.972400898192814 1.12470458279415 1.21608009836633 1.14114280693538 1.49513061153445 6 7 6 8 7 9
"55" 2862 6762 6762 21 29.05 21 36.55 23 42.86 0.994065675228047 0.972407156649403 1.12568200706036 1.21346846209899 1.14224907265079 1.48833778491802 6 7 6 8 7 9
"56" 2915 6709 6709 20 28.97 20 36.41 22 42.65 0.998016911568917 0.972411373304919 1.11966530107143 1.21070929797986 1.14337281700173 1.48182559318227 6 7 6 8 7 9
"57" 2968 6656 6656 20 28.84 20 36.2 22 42.37 1 0.972567561953947 1.10774689487814 1.20776698008037 1.14451445752173 1.4751527647091 6 7 6 7.95 7 8.99
"58" 3021 6603 6603 20 28.74 20 36 22 42.13 1 0.972673403591327 1.0888923996002 1.20515889780697 1.14567442514987 1.46874218672682 6 7 6 7.84 7 8.92
"59" 3074 6550 6550 19 28.66 20 35.74 21 41.8 1 0.972839138787689 1.07846853003854 1.20223808442837 1.14685316477322 1.46169600270674 6 7 6 7.65 7 8.74
"60" 3127 6497 6497 19 28.58 20 35.65 21 41.63 1 0.973270266417734 1.07910864579843 1.1989909976896 1.14805113579569 1.45479370729412 6 7 6 7.49 7 8.46
"61" 3180 6444 6444 19 28.5 20 35.5 21 41.44 1 0.973584239299454 1.07975929108511 1.19589266488625 1.14926881273504 1.44740330584155 6 6.98 6 7.26 7 8.17
"62" 3233 6391 6391 18 28.45 19 35.39 20 41.28 1 0.973931627028815 1.08042072785987 1.19276191407073 1.15050668584957 1.44012980135615 6 6.95 6 7.12 6 8.04
"63" 3286 6338 6338 18 28.4 19 35.27 20 41.12 1 0.974446121342697 1.08109322684639 1.1894948712319 1.15176526179625 1.43315920349801 6 6.93 6 7.02 6 8.01
"64" 3339 6285 6285 18 28.35 19 35.15 20 40.97 1 0.974876090548099 1.08177706790015 1.18683220499833 1.15304506432214 1.42578927479664 6 6.81 6 7.01 6 8.01
"65" 3392 6232 6232 18 28.3 19 35.02 20 40.79 1 0.975295936974569 1.08247254039673 1.18389830325566 1.15434663499111 1.41833590020551 5 6.64 6 7.01 6 8
"66" 3445 6179 6179 17 28.23 18 34.87 19 40.61 1 0.975886172199177 1.08317994364014 1.18120278427502 1.15567053394799 1.41114106220516 5 6.42 5 7 6 8
"67" 3498 6126 6126 17 28.17 18 34.72 19 40.43 1 0.976396934265048 1.08389958729227 1.1781842614665 1.15701734072227 1.4038239146654 5 6.28 5 7 6 8
"68" 3551 6073 6073 17 28.07 18 34.47 19 40.1 1 0.977164902991743 1.08463179182487 1.17472546601219 1.15838765507404 1.39638290521271 5 6.13 5 7 6 8
"69" 3604 6020 6020 17 27.98 18 34.28 19 39.83 1 0.977904127572781 1.08537688899542 1.17144785772349 1.15978209788449 1.38856632805284 5 6.06 5 7 6 8
"70" 3657 5967 5967 16 27.96 17 34.12 18 39.61 1 0.978416176264045 1.08613522234832 1.16862633161609 1.15953782423781 1.38080534145242 5 6.01 5 7 6 7.99
"71" 3710 5914 5914 16 27.9 17 33.93 18 39.35 0.998585204847253 0.979077024983127 1.08690714774305 1.16557589575665 1.14960075976831 1.37348848942722 5 6 5 7 6 7.97
"72" 3763 5861 5861 16 27.82 17 33.73 18 39.04 0.995550026718072 0.97980698914665 1.08769303391101 1.16228085700703 1.13616348682446 1.36601580297113 5 6 5 7 6 7.79
"73" 3816 5808 5808 16 27.76 17 33.52 18 38.76 0.988345114244647 0.980438352191894 1.08849326304277 1.15972423253601 1.11761257706288 1.35902051017035 5 6 5 7 5 7.6
"74" 3869 5755 5755 16 27.71 17 33.29 18 38.48 0.984925753666404 0.981073288918744 1.08930823140789 1.15681840628132 1.09029748784002 1.35244291655902 5 6 5 7 5 7.26
"75" 3922 5702 5702 16 27.54 16 32.99 17 38.1 0.984993735241484 0.981770303389284 1.09013835000919 1.154107431001 1.08587361280617 1.34576769000646 5 6 5 7 5 7.08
"76" 3975 5649 5649 16 27.48 16 32.79 17 37.84 0.984802786209048 0.982573959517366 1.09098404527393 1.15125462018002 1.08667929548961 1.33892209575648 5 6 5 6.92 5 7.02
"77" 4028 5596 5596 16 27.37 16 32.62 17 37.6 0.984585968184555 0.9833421297065 1.09184575978421 1.14846007004135 1.08750023949621 1.33194554591061 5 6 5 6.7 5 7.01
"78" 4081 5543 5543 16 27.28 16 32.37 17 37.29 0.984319184365954 0.984157007484766 1.09272395304933 1.14570764521951 1.08833688259441 1.32548003267941 5 6 5 6.5 5 7
"79" 4134 5490 5490 15 27.16 15 32.04 16 36.89 0.991799955869938 0.984854535551737 1.09361910232285 1.14282405703374 1.08254067299379 1.31876165075464 5 6 5 6.22 5 7
"80" 4187 5437 5437 15 27 15 31.79 16 36.52 1 0.985818389804686 1.09453170346743 1.13974653808027 1.06911035208431 1.3121116027308 5 6 5 6.06 5 7
"81" 4240 5384 5384 15 26.85 15 31.57 16 36.19 1 0.986522854414814 1.09546227187081 1.13706272673458 1.05130844504809 1.30555387768343 5 6 5 6.02 5 7
"82" 4293 5331 5331 15 26.67 15 31.28 16 35.8 1 0.987296972368437 1.09641134341632 1.13451058522063 1.02712677735368 1.29878900552965 5 6 4 6 5 7
"83" 4346 5278 5278 15 26.57 14 31.02 15 35.46 1 0.988122674070568 1.09737947551202 1.13191370873444 1 1.29223241538234 5 6 4 6 5 6.98
"84" 4399 5225 5225 15 26.47 14 30.79 15 35.14 1 0.988836826431296 1.09836724818228 1.12915314513003 1 1.28547582804342 5 6 4 6 5 6.9
"85" 4452 5172 5172 15 26.28 14 30.59 15 34.82 1 0.989534491243786 1.09937526522669 1.1262989004374 1 1.27903406558865 4 6 4 6 4 6.73
"86" 4505 5119 5119 15 26.16 14 30.4 15 34.53 1 0.990276124117246 1.10040415545076 1.12338828674364 1 1.27260947400301 4 6 4 6 4 6.39
"87" 4558 5066 5066 15 25.96 14 30.1 15 34.13 1 0.99083812231815 1.10145457397403 1.12018260834288 1 1.26564737082267 4 6 4 6 4 6.16
"88" 4611 5013 5013 14 25.76 13 29.9 14 33.8 1 0.991561644747204 1.10252720362107 1.11730692646463 1 1.25867652561622 4 5.99 4 6 4 6.04
"89" 4664 4960 4960 14 25.57 13 29.67 14 33.4 1 0.992234007398777 1.1036227564017 1.11449236457905 1 1.25157715831609 4 5.99 4 6 4 6.01
"90" 4717 4907 4907 14 25.43 13 29.38 14 33.01 1 0.992868775082036 1.10474197508711 1.11193826562599 1 1.24458744716533 4 5.95 4 6 4 6
"91" 4770 4854 4854 14 25.25 13 29.12 14 32.63 1 0.9935884667847 1.10588563488925 1.10918725120079 1 1.23820578508594 4 5.88 4 5.96 4 6
"92" 4823 4801 4801 14 25.12 13 28.93 14 32.31 1 0.994277808954414 1.10705454525149 1.10671080289406 1 1.23097469968576 4 5.75 4 5.82 4 6
"93" 4876 4748 4748 13 24.97 12 28.67 13 31.99 1 0.994866578096206 1.10824955175915 1.10419965146037 1 1.2243081550592 4 5.53 4 5.59 4 6
"94" 4929 4695 4695 13 24.8 12 28.36 13 31.5 1 0.995428350036123 1.10947153817943 1.10159705916198 1 1.21736992272297 4 5.27 4 5.37 4 6
"95" 4982 4642 4642 13 24.61 12 28.03 13 31.04 1 0.996027293154089 1.11072142864119 1.09920077146057 1 1.21069614351427 4 5.12 4 5.14 4 5.99
"96" 5035 4589 4589 13 24.41 12 27.7 13 30.63 1 0.996383614808266 1.11200018996566 1.09726545525364 1 1.2045000891575 4 5.05 4 5.09 4 5.96
"97" 5088 4536 4536 12 24.23 11 27.44 12 30.23 1 0.996840678971168 1.11125779651933 1.0949308356473 1 1.19829982765142 4 5 4 5.01 4 5.84
"98" 5141 4483 4483 12 24.1 11 27.2 12 29.88 1 0.997325151195534 1.09867942098124 1.09281997367529 1 1.19223053369875 4 5 4 5 4 5.69
"99" 5194 4430 4430 12 23.96 11 26.99 12 29.5 1 0.997616378219747 1.08211389100558 1.09084425196408 1 1.18630232166042 4 5 4 5 4 5.35
"100" 5247 4377 4377 12 23.81 11 26.74 12 29.1 1 0.99809848340184 1.05988350426466 1.08913762634987 1 1.18057209716772 4 5 4 5 4 5.11
"101" 5300 4324 4324 12 23.64 11 26.48 12 28.75 1 0.998448456107351 1.02926220988575 1.08767182098216 1 1.17509791431876 3 5 3 5 3 5.02
"102" 5353 4271 4271 11 23.55 11 26.34 11 28.52 1 0.99868072317148 1 1.08636339258887 1 1.16983816680866 3 5 3 5 3 5
"103" 5406 4218 4218 11 23.44 11 26.08 11 28.24 1 0.998770797769339 1 1.08519896210837 1 1.16475748356771 3 5 3 5 3 5
"104" 5459 4165 4165 11 23.36 11 25.91 11 28.02 1 0.998783906830223 1 1.08398465032267 1 1.15963503395824 3 5 3 5 3 5
"105" 5512 4112 4112 11 23.3 11 25.65 11 27.74 1 0.998894836933415 1 1.08288400777962 1 1.15450893028191 3 5 3 5 3 5
"106" 5565 4059 4059 11 23.24 11 25.51 11 27.57 1 0.99899035101045 1 1.08185320082791 1 1.14966033378353 3 5 3 5 3 5
"107" 5618 4006 4006 10 23.18 10 25.29 10 27.34 1 0.999005258687528 1 1.08072606088538 1 1.14476196120223 3 4.99 3 4.99 3 4.99
"108" 5671 3953 3953 10 23.09 10 25.07 10 27.08 1 0.998979172184045 1 1.0796433676295 1 1.14014236416847 3 4.99 3 4.99 3 4.99
"109" 5724 3900 3900 10 23 10 24.86 10 26.86 1 0.999021440729912 1 1.07863545821791 1 1.13567959575444 3 4.93 3 4.93 3 4.93
"110" 5777 3847 3847 10 22.94 10 24.7 10 26.7 1 0.999140799990029 1 1.07744152000115 1 1.13129020198821 3 4.74 3 4.74 3 4.74
"111" 5830 3794 3794 10 22.91 10 24.5 10 26.5 1 0.999163889890308 1 1.0764085925351 1 1.12660380485332 3 4.48 3 4.48 3 4.48
"112" 5883 3741 3741 9 22.84 9 24.23 9 26.22 1 0.999210339227384 1 1.07508478449557 1 1.12283040028913 3 4.24 3 4.24 3 4.24
"113" 5936 3688 3688 9 22.72 9 23.99 9 25.93 1 0.999236779183155 1 1.07384184200723 1 1.11909236411192 3 4.08 3 4.07 3 4.08
"114" 5989 3635 3635 9 22.58 9 23.7 9 25.62 1 0.999175152151784 1 1.07259870696475 1 1.11535658008782 3 4.03 3 4.03 3 4.03
"115" 6042 3582 3582 9 22.45 9 23.41 9 25.31 1 0.999142469502483 1 1.0712451957241 1 1.11222539094852 3 4 3 4 3 4
"116" 6095 3529 3529 9 22.31 9 23.18 9 25.05 1 0.999181566730555 1 1.0699981886155 1 1.10941847524307 3 4 3 4 3 4
"117" 6148 3476 3476 8 22.1 8 22.9 8 24.72 1 0.999051133856506 1 1.06853682307835 1 1.10657889693928 3 4 3 4 3 4
"118" 6201 3423 3423 8 21.98 8 22.67 8 24.45 1 0.999087517967533 1 1.06700733178463 1 1.104154873565 2 4 2 4 2 4
"119" 6254 3370 3370 8 21.75 8 22.37 8 24.09 1 0.999013225689177 1 1.06547685253718 1 1.10186946778648 2 4 2 4 2 4
"120" 6307 3317 3317 8 21.43 8 22.04 8 23.66 1 0.999013567747795 1 1.06404567277456 1 1.09964828334199 2 4 2 4 2 4
"121" 6360 3264 3264 8 21.07 8 21.78 8 23.28 1 0.999052961964047 1 1.06264159490542 1 1.09745061363596 2 4 2 4 2 4
"122" 6413 3211 3211 7 20.75 7 21.48 7 22.93 1 0.999002252661835 1 1.06145720225368 1 1.09545274062882 2 4 2 4 2 4
"123" 6466 3158 3158 7 20.42 7 21.15 7 22.54 1 0.999014385347563 1 1.06026324329738 1 1.0933465018828 2 3.99 2 3.99 2 3.99
"124" 6519 3105 3105 7 20.04 7 20.79 7 22.09 1 0.999101376661634 1 1.05910857518815 1 1.09131959372089 2 3.96 2 3.96 2 3.96
"125" 6572 3052 3052 7 19.77 7 20.58 7 21.8 1 0.999069442996243 1 1.05808286061134 1 1.08908696980973 2 3.86 2 3.86 2 3.86
"126" 6625 2999 2999 7 19.57 7 20.39 7 21.57 1 0.998883356603467 1 1.05705543327056 1 1.08703551395273 2 3.55 2 3.55 2 3.55
"127" 6678 2946 2946 7 19.32 7 20.2 7 21.32 1 0.998899978626943 1 1.05611543758863 1 1.08495342209956 2 3.3 2 3.3 2 3.3
"128" 6731 2893 2893 6 19.1 6 20.03 6 21.1 1 0.998860124406634 1 1.05512840552138 1 1.08275968835769 2 3.06 2 3.06 2 3.06
"129" 6784 2840 2840 6 18.86 6 19.8 6 20.86 1 0.998882556290729 1 1.05423588320782 1 1.08062460774832 2 3.02 2 3.02 2 3.02
"130" 6837 2787 2787 6 18.65 6 19.62 6 20.65 1 0.998762114807278 1 1.05316819813528 1 1.07810371768553 2 3.01 2 3.01 2 3.01
"131" 6890 2734 2734 6 18.49 6 19.47 6 20.49 1 0.998814711891658 1 1.05231064658958 1 1.07536637651448 2 3.01 2 3.01 2 3.01
"132" 6943 2681 2681 6 18.35 6 19.33 6 20.35 1 0.998775608640598 1 1.05135097924111 1 1.07244555442701 2 3 2 3 2 3
"133" 6996 2628 2628 6 18.17 6 19.17 6 20.17 1 0.998728410913744 1 1.05034905112111 1 1.06949441434163 2 3 2 3 2 3
"134" 7049 2575 2575 5 18.07 5 19.06 5 20.06 1 0.998688102216139 1 1.04930283321791 1 1.06622754138208 2 3 2 3 2 3
"135" 7102 2522 2522 5 18.03 5 19 5 20 1 0.998805038916863 1 1.04810315578957 1 1.06282915363955 2 3 2 3 2 3
"136" 7155 2469 2469 5 17.92 5 18.87 5 19.87 1 0.998937402487751 1 1.04673346123951 1 1.05945288769967 1 3 1 3 1 3
"137" 7208 2416 2416 5 17.84 5 18.78 5 19.78 1 0.998968425068865 1 1.04537681194935 1 1.05601910473369 1 3 1 3 1 3
"138" 7261 2363 2363 5 17.74 5 18.66 5 19.66 1 0.999041851947629 1 1.04389010493994 1 1.0523970512002 1 3 1 3 1 3
"139" 7314 2310 2310 5 17.61 5 18.48 5 19.48 1 0.999047478624672 1 1.04251663505174 1 1.04803233147872 1 2.97 1 2.97 1 2.97
"140" 7367 2257 2257 5 17.38 5 18.2 5 19.2 1 0.999207128992616 1 1.04074504051259 1 1.04406518420302 1 2.8 1 2.8 1 2.8
"141" 7420 2204 2204 5 17.2 5 17.98 5 18.98 1 0.999317646617602 1 1.03901517704066 1 1.03963366760602 1 2.5 1 2.5 1 2.5
"142" 7473 2151 2151 4 17.03 4 17.7 4 18.7 1 0.999497027633653 1 1.03703841710863 1 1.03465312313852 1 2.15 1 2.15 1 2.15
"143" 7526 2098 2098 4 16.88 4 17.47 4 18.47 1 0.999554968988743 1 1.03490647779575 1 1.02993203804793 1 2.04 1 2.04 1 2.04
"144" 7579 2045 2045 4 16.67 4 17.11 4 18.1 1 0.999673652351246 1 1.03262988477092 1 1.02458553346527 1 2 1 2 1 2
"145" 7632 1992 1992 4 16.32 4 16.6 4 17.58 1 0.999771691276894 1 1.03020218236023 1 1.02023697296752 1 2 1 2 1 2
"146" 7685 1939 1939 4 16.07 4 16.2 4 17.13 1 0.999830844037057 1 1.02727650015133 1 1.01583870537298 1 2 1 2 1 2
"147" 7738 1886 1886 4 15.75 4 15.71 4 16.61 1 0.999913738174257 1 1.02451066945073 1 1.01200937442287 1 2 1 2 1 2
"148" 7791 1833 1833 4 15.3 4 15.08 4 15.94 1 0.999970606197522 1 1.02157328861866 1 1.00884917181468 1 2 1 2 1 2
"149" 7844 1780 1780 4 14.89 4 14.63 4 15.42 1 0.999992681718944 1 1.01802724826674 1 1.00647784015864 1 2 1 2 1 2
"150" 7897 1727 1727 3 14.46 3 14.13 3 14.86 1 0.999980209036519 1 1.0152207060966 1 1.00397982576658 1 2 1 2 1 2
"151" 7950 1674 1674 3 13.8 3 13.38 3 14.01 1 1 1 1.01205655348401 1 1.00210817497538 1 2 1 2 1 2
"152" 8003 1621 1621 3 13.29 3 12.86 3 13.39 1 1 1 1.00897586979193 1 1.0009832057597 1 2 1 2 1 2
"153" 8056 1568 1568 3 12.43 3 12.08 3 12.48 1 1 1 1.00621637499263 1 1.00058631643921 1 2 1 2 1 2
"154" 8109 1515 1515 3 11.7 3 11.42 3 11.72 1 1 1 1.00402070613325 1 1.00028291069681 1 1.91 1 1.91 1 1.91
"155" 8162 1462 1462 3 10.9 3 10.75 3 10.92 1 1 1 1.00218036692888 1 1.00008258122967 1 1.67 1 1.67 1 1.67
"156" 8215 1409 1409 3 10.05 3 9.94 3 10.05 1 1 1 1.00110507891936 1 1 1 1.41 1 1.41 1 1.41
"157" 8268 1356 1356 3 9.26 3 9.21 3 9.26 1 1 1 1.00043592445496 1 1 1 1.23 1 1.23 1 1.23
"158" 8321 1303 1303 3 8.57 3 8.54 3 8.57 1 1 1 1.00014206034161 1 1 1 1.06 1 1.06 1 1.06
"159" 8374 1250 1250 3 7.83 3 7.83 3 7.83 1 1 1 1 1 1 1 1 1 1 1 1
"160" 8427 1197 1197 2 7.26 2 7.26 2 7.26 1 1 1 1 1 1 0 1 0 1 0 1
"161" 8480 1144 1144 2 6.87 2 6.87 2 6.87 1 1 1 1 1 1 0 1 0 1 0 1
"162" 8533 1091 1091 2 6.52 2 6.52 2 6.52 1 1 1 1 1 1 0 1 0 1 0 1
"163" 8586 1038 1038 2 6.13 2 6.13 2 6.13 1 1 1 1 1 1 0 1 0 1 0 1
"164" 8639 985 985 2 5.84 2 5.84 2 5.84 1 1 1 1 1 1 0 1 0 1 0 1
"165" 8692 932 932 2 5.56 2 5.56 2 5.56 1 1 1 1 1 1 0 1 0 1 0 1
"166" 8745 879 879 2 5.28 2 5.28 2 5.28 1 1 1 1 1 1 0 1 0 1 0 1
"167" 8798 826 826 2 5.13 2 5.13 2 5.13 1 1 1 1 1 1 0 1 0 1 0 1
"168" 8851 773 773 2 5.04 2 5.04 2 5.04 1 1 1 1 1 1 0 1 0 1 0 1
"169" 8904 720 720 2 5 2 5 2 5 1 1 1 1 1 1 0 1 0 1 0 1
"170" 8957 667 667 2 4.92 2 4.92 2 4.92 1 1 1 1 1 1 0 1 0 1 0 1
"171" 9010 614 614 1 4.76 1 4.76 1 4.76 NA 1 1 1 1 1 0 1 0 1 0 1
"172" 9063 561 561 1 4.52 1 4.52 1 4.52 NA 1 1 1 1 1 0 1 0 1 0 1
"173" 9116 508 508 1 4.21 1 4.21 1 4.21 NA 1 1 1 1 1 0 1 0 1 0 1
"174" 9169 455 455 1 3.91 1 3.91 1 3.91 NA 1 1 1 1 1 0 0.97 0 0.97 0 0.97
"175" 9222 402 402 1 3.51 1 3.51 1 3.51 NA 1 1 1 1 1 0 0.92 0 0.92 0 0.92
"176" 9275 349 349 1 3.19 1 3.19 1 3.19 NA 1 1 1 1 1 0 0.72 0 0.72 0 0.72
"177" 9328 296 296 1 2.83 1 2.83 1 2.83 NA 1 1 1 1 1 0 0.43 0 0.43 0 0.43
