"Obj" "AbuOrd" "AbuRnd" "RowSpO" "RowSpR" "ColSpO" "ColSpR" "IntOrd" "IntRnd" "H2Ord" "H2Rnd" "GenOrd" "GenRnd" "VulOrd" "VulRnd" "50%rOrd" "50%rRnd" "50%cOrd" "50%cRnd" "50%intOrd" "50%intRnd"
"1" 0 9624 9624 34 34 69 69 91 91 0.949790725210786 0.949790197430077 1.38882889108086 1.38882889108086 1.91543845593966 1.91543845593966 9 9 10 10 13 13
"2" 1 9622 9511.55 34 33.83 68 68 90 89.75 0.949786116586426 0.949887562128017 1.38890971188549 1.38929673060917 1.91421287489159 1.90406443385086 9 8.7 10 10 13 12.47
"3" 2 9620 9385.7 34 33.71 67 67 89 88.5 0.949864475864057 0.949564978284235 1.38899056629545 1.39070169562107 1.91238060697426 1.89565459634911 9 8.42 10 9.89 13 12.2
"4" 3 9618 9246.47 34 33.52 66 66 88 87.12 0.949903208445738 0.949440639000472 1.38907145433169 1.3889634857129 1.91015570297091 1.88038737640173 9 8.23 10 9.76 13 11.98
"5" 4 9616 9116.79 34 33.35 65 65 87 85.85 0.950068576173099 0.94917425302827 1.38915237601521 1.38977541300798 1.90823553247745 1.87316928964264 9 8.15 10 9.6 13 11.84
"6" 5 9614 9004.87 34 33.2 64 64 86 84.48 0.950062282423414 0.948729137042807 1.38923333136699 1.39097765758012 1.90661388229975 1.86293802454885 9 8.05 10 9.39 13 11.73
"7" 6 9612 8885.37 33 33.08 63 63 85 83.19 0.950044089585546 0.948415315184559 1.38931432040805 1.39211191653602 1.90680252438929 1.84823657508114 9 7.99 10 9.17 13 11.54
"8" 7 9610 8742.45 33 32.94 62 62 84 82.01 0.950099855089661 0.94796338304657 1.38939534315944 1.39504212997458 1.90395008855741 1.83899431781077 9 7.91 10 9.05 13 11.31
"9" 8 9607 8604.81 33 32.81 61 61 83 80.58 0.950197320110962 0.948251280670907 1.38951694053942 1.39293372593902 1.89889163827422 1.82243214300885 9 7.84 10 8.92 13 11.14
"10" 9 9604 8440.19 33 32.64 60 60 82 79.24 0.95052115385426 0.948449570757742 1.38963861388611 1.39202046521319 1.89709608059723 1.81314554107987 9 7.66 10 8.77 13 10.93
"11" 10 9600 8296.62 33 32.52 59 59 81 77.82 0.950722409037491 0.948292825773768 1.38980096330856 1.39191143757996 1.89367912490656 1.79901084506796 9 7.57 10 8.58 13 10.75
"12" 11 9596 8171.47 33 32.37 58 58 80 76.46 0.950896219420288 0.94837978628382 1.3899634480786 1.39102520544054 1.88964793845541 1.77581972908142 9 7.52 10 8.46 13 10.51
"13" 12 9591 8023.06 33 32.21 57 57 79 75.1 0.951066538409144 0.947972783210593 1.39016674463166 1.3934613928755 1.88586293223068 1.7559171618933 9 7.43 10 8.24 12 10.33
"14" 13 9585 7873.62 33 32.03 56 56 78 73.65 0.951375860947158 0.949365359447043 1.39041098046554 1.38726484008447 1.8818695562549 1.74201961992879 9 7.32 10 8.08 12 10.17
"15" 14 9579 7732.31 33 31.83 55 55 77 72.16 0.95212306411922 0.950110529416576 1.39065552226352 1.38307231023858 1.878915179771 1.7253615654033 9 7.18 10 7.96 12 9.96
"16" 15 9573 7582.85 33 31.56 54 54 76 70.81 0.952341553173133 0.950940708963113 1.39090037060088 1.38131701132021 1.87554404064551 1.71924195367983 9 7.06 10 7.81 12 9.8
"17" 16 9567 7443.47 33 31.36 53 53 75 69.52 0.952814760811213 0.951256123583609 1.39114552605438 1.38102573297246 1.87249528831385 1.70693106407606 9 6.86 10 7.66 12 9.61
"18" 17 9561 7308.14 33 31.22 52 52 74 68.31 0.953360911466758 0.951389035898742 1.3913909892022 1.38254180751721 1.86407421044422 1.69244718221463 9 6.84 10 7.55 12 9.44
"19" 18 9553 7162.17 33 31.03 51 51 73 67.08 0.953155514140775 0.950921666565215 1.39171875303698 1.38672168932744 1.85963669698688 1.6849848119489 9 6.72 10 7.47 12 9.23
"20" 19 9544 7016.71 33 30.81 50 50 72 65.72 0.953142290510912 0.951004865978511 1.39208814414944 1.38723500243621 1.85600128572073 1.67092052322929 9 6.62 10 7.27 12 9.06
"21" 20 9535 6881.96 33 30.52 49 49 71 64.49 0.953044986142034 0.95113446273678 1.39245823259174 1.39065812032659 1.84343865764878 1.65285552179407 9 6.49 10 7.11 12 8.85
"22" 21 9526 6775.51 33 30.31 48 48 70 63.33 0.953965788943227 0.951001711027959 1.39282902034036 1.3933247435297 1.83870646123492 1.64609016503278 9 6.43 10 6.97 12 8.72
"23" 22 9516 6634.65 33 30.12 47 47 69 61.87 0.954156401841213 0.951491806143814 1.39324182931507 1.39291932007357 1.82933717206772 1.63038389211281 9 6.33 10 6.75 12 8.52
"24" 23 9499 6485.89 33 29.86 46 46 68 60.44 0.954087674972772 0.952930072981107 1.39394559930121 1.38829060247765 1.82251457216354 1.6151056238505 9 6.23 10 6.65 12 8.34
"25" 24 9476 6351.26 33 29.63 45 45 67 59.22 0.954247675451823 0.953975069970283 1.39490177794029 1.38765018751533 1.81449201322007 1.59694499173999 9 6.11 10 6.51 12 8.11
"26" 25 9452 6226.74 32 29.28 44 44 66 58.03 0.95380044893782 0.953935853403813 1.39590449087624 1.39095616028533 1.81656012666879 1.58701276097274 9 5.97 10 6.36 12 7.97
"27" 26 9421 6091.37 31 29.01 43 43 65 56.69 0.953496656520603 0.954760769958386 1.39720722298718 1.39180521288351 1.81924703505715 1.57006345086955 8 5.87 10 6.18 12 7.77
"28" 27 9388 5949.37 31 28.76 42 42 64 55.18 0.953795961319335 0.956341174348264 1.3986034563019 1.38682071218439 1.8094655116633 1.55021867718964 8 5.75 10 6.01 12 7.57
"29" 28 9355 5819.28 31 28.43 41 41 63 54.02 0.953492207843487 0.956821574121415 1.40000954011355 1.39073017050277 1.7950668346715 1.5366673478271 8 5.65 10 5.84 12 7.32
"30" 29 9320 5689.5 31 28.18 40 40 62 52.69 0.95344425190896 0.957752348313023 1.4015117218629 1.39015400718917 1.78400334002068 1.52601149194335 8 5.49 10 5.73 12 7.16
"31" 30 9282 5533.55 31 27.82 39 39 59 51.35 0.953711038141257 0.959921631057697 1.39867796002421 1.38710304058205 1.76136164641738 1.50787955950642 8 5.38 10 5.61 12 6.99
"32" 31 9240 5400.86 31 27.51 38 38 58 50.16 0.954498934296543 0.959802042307678 1.40049013256978 1.39088246676208 1.75681988707937 1.49821991863541 8 5.23 9 5.46 12 6.75
"33" 32 9191 5264.12 31 27.15 37 37 57 48.91 0.954230191923402 0.960005025231146 1.40262526655911 1.39415364075477 1.74426205886305 1.48869082829801 8 5.12 9 5.31 12 6.59
"34" 33 9131 5128.81 30 26.87 36 36 56 47.62 0.952478471561966 0.962078717466504 1.40527092596044 1.39034022120667 1.74915262107221 1.47550871492162 8 5.07 9 5.18 12 6.36
"35" 34 9064 4994.04 30 26.48 35 35 53 46.36 0.957546823573251 0.962601975131876 1.39916043818158 1.39353459373039 1.73134393556037 1.45995773631357 8 4.93 9 4.96 11 6.15
"36" 35 8992 4846.49 30 26 34 34 52 44.94 0.957956493647199 0.963111903413273 1.40235656268659 1.39136018394735 1.64699599429666 1.45040632132858 8 4.82 9 4.82 11 6.02
"37" 36 8917 4688.1 30 25.59 33 33 51 43.55 0.958715601558898 0.963045332809167 1.40574074371177 1.39186490425303 1.61355925887245 1.43518638600922 8 4.67 9 4.68 11 5.83
"38" 37 8835 4539.44 29 25.18 32 32 50 42.18 0.956864195230593 0.965589533451444 1.40950653216501 1.38531824896494 1.61925386659487 1.4189411572948 8 4.52 9 4.48 11 5.68
"39" 38 8746 4408.18 29 24.69 31 31 49 40.79 0.961511853612732 0.967189510539408 1.41367370359911 1.3813959264014 1.6022670227286 1.40548183686541 8 4.45 9 4.36 11 5.49
"40" 39 8640 4244.19 29 24.2 30 30 47 39.44 0.960782708917336 0.967402434194085 1.4170625597025 1.38014732695949 1.60217465581114 1.3956886172797 8 4.28 9 4.22 11 5.27
"41" 40 8529 4097.16 29 23.62 29 29 46 37.95 0.959887828828341 0.969393513532713 1.42249038759873 1.37656599945251 1.509695793537 1.37918724870964 8 4.17 8 4.05 10 5
"42" 41 8410 3954.19 28 23.13 28 28 45 36.52 0.95858156120599 0.970624555151994 1.42846855122825 1.36987933560249 1.51690789810667 1.36906671786745 8 4 8 3.92 10 4.78
"43" 42 8280 3790 28 22.66 27 27 43 35.27 0.954867559907662 0.97138490352033 1.4319666832145 1.36503991624739 1.48415118349179 1.3605042532555 8 3.86 8 3.74 10 4.6
"44" 43 8136 3642.26 28 22.14 26 26 42 34.03 0.955711111650174 0.970801730489244 1.439612111236 1.37531250787336 1.40460184372026 1.35361351498592 8 3.73 8 3.57 10 4.46
"45" 44 7988 3506.57 28 21.56 25 25 41 32.79 0.949881716165369 0.971215994531427 1.44775715285629 1.38060806885623 1.3454678621077 1.34752758379203 8 3.64 8 3.42 9 4.3
"46" 45 7835 3383.07 27 21.08 24 24 40 31.52 0.947238168750465 0.971610124369318 1.45650084709841 1.37863820714609 1.35221407562429 1.33515055459163 7 3.49 7 3.31 9 4.13
"47" 46 7682 3238.74 27 20.45 23 23 38 30.15 0.952578132696509 0.975047653888829 1.44840988598423 1.36756897965237 1.27638599650972 1.32049947525905 7 3.34 7 3.18 9 3.91
"48" 47 7520 3117.9 26 19.89 22 22 37 28.89 0.950745789580672 0.975222048888986 1.45806977980464 1.36947496600665 1.28234005654091 1.3075019938717 7 3.2 7 3.07 8 3.75
"49" 48 7355 2970.18 25 19.31 21 21 36 27.53 0.946778679735324 0.978240691382143 1.46834598832507 1.36688840156459 1.28867399390722 1.28839719617676 7 3.11 7 2.88 8 3.61
"50" 49 7158 2844.15 23 18.63 20 20 29 26.2 0.962915792669558 0.978196046492559 1.38674300783364 1.36811473207945 1.21698415112702 1.27800167410261 7 2.98 6 2.76 8 3.48
"51" 50 6934 2706.37 22 18.03 19 19 28 25.02 0.960350424548908 0.978025158585279 1.3992365806278 1.38066225508725 1.2239937343189 1.26066322519022 6 2.84 6 2.61 7 3.3
"52" 51 6707 2554.65 22 17.3 18 18 27 23.66 0.986099544498101 0.97923089577894 1.41274883704685 1.38416853259077 1.16116529964565 1.24826955613921 6 2.68 6 2.43 7 3.13
"53" 52 6478 2398.48 22 16.57 17 17 26 22.43 0.985413305874266 0.979734038245394 1.42733968046823 1.38515440677527 1.16293100697888 1.24343362105723 6 2.52 6 2.32 7 2.94
"54" 53 6249 2260.78 22 15.84 16 16 25 21.04 1 0.981389651625538 1.44299991199763 1.37484595959698 1.0905450028786 1.22790962442164 6 2.39 5 2.14 6 2.76
"55" 54 6003 2073.1 21 15.03 15 15 24 19.64 1 0.98067373173944 1.46115383142982 1.36207788545103 1.09425549275169 1.22277106130013 6 2.15 5 2 6 2.48
"56" 55 5754 1931.98 21 14.32 14 14 23 18.35 1 0.984078336980981 1.48110991485457 1.36216193594067 1.04518505273024 1.19863440181892 5 2.05 5 1.91 5 2.39
"57" 56 5491 1799.67 20 13.53 13 13 22 17.02 1 0.984413012934985 1.5041534237977 1.35614893904162 1.04734926122924 1.19481374116699 5 1.87 4 1.7 5 2.16
"58" 57 5217 1675.46 20 12.73 12 12 21 15.84 1 0.985150036482527 1.53063186698739 1.35929158678518 1.00602363916583 1.182775401867 5 1.76 4 1.55 5 1.94
"59" 58 4943 1507.19 19 11.89 11 11 20 14.48 1 0.987291862945134 1.56004581227457 1.34953313804616 1.00635754107387 1.17043021118504 4 1.53 4 1.38 4 1.71
"60" 59 4636 1360.47 18 11.02 10 10 19 13.15 1 0.988609230580479 1.59713253884236 1.34564964597591 1.00677854303886 1.14713911249497 4 1.45 4 1.21 4 1.56
"61" 60 4313 1217.7 16 10.21 9 9 17 11.92 1 0.987850662939697 1.57451477467869 1.36493930183172 1.0072861872312 1.13928831034032 3 1.28 3 1.1 3 1.4
"62" 61 3987 1086.9 16 9.31 8 8 16 10.62 1 0.990110715628777 1.62149039959599 1.35008485633154 1 1.12981523272595 3 1.06 3 0.94 3 1.21
"63" 62 3617 966.94 11 8.38 7 7 11 9.39 1 0.992601830505807 1.53988554562345 1.37316995297311 1 1.11496565216996 3 0.95 3 0.81 3 1.04
"64" 63 3206 831.65 10 7.41 6 6 10 8.1 1 0.990672279312295 1.6090973233063 1.38596300847495 1 1.08666506274281 2 0.75 2 0.6 2 0.8
"65" 64 2760 695.38 9 6.34 5 5 9 6.86 1 0.992605265625571 1.70752391975362 1.39401173336736 1 1.07379865472436 2 0.6 2 0.47 2 0.64
"66" 65 2265 545.13 8 5.13 4 4 8 5.54 1 0.990844363764439 1.86214835254746 1.36783692838189 1 1.06989248824313 1 0.39 1 0.28 1 0.42
"67" 66 1751 412.28 6 3.84 3 3 6 4.06 1 0.990511909856133 1.82170025514996 1.2860586840055 1 1.04228205652058 1 0.24 1 0.11 1 0.26
"68" 67 0 0 0 0 0 0 0 0 0 0 0 0 0 0 0 0 0 0 0 0
"69" 68 0 0 0 0 0 0 0 0 0 0 0 0 0 0 0 0 0 0 0 0
"70" 69 0 0 0 0 0 0 0 0 0 0 0 0 0 0 0 0 0 0 0 0
