"Obj" "AbuOrd" "AbuRnd" "RowSpO" "RowSpR" "ColSpO" "ColSpR" "IntOrd" "IntRnd" "H2Ord" "H2Rnd" "GenOrd" "GenRnd" "VulOrd" "VulRnd" "50%rOrd" "50%rRnd" "50%cOrd" "50%cRnd" "50%intOrd" "50%intRnd"
"1" 0 9624 9624 34 34 69 69 91 91 0.949790737862579 0.949790417903965 1.38882889108086 1.38882889108086 1.91543845593966 1.91543845593966 9 9 10 10 13 13
"2" 1 9622 9508.42 34 33.87 68 68.28 90 90 0.949785515325421 0.949882279992706 1.38890971188549 1.38586990427672 1.91421287489159 1.90691761903353 9 8.66 10 10 13 12.48
"3" 2 9620 9410.88 34 33.78 67 67.59 89 89 0.949864821035976 0.94970715832281 1.38899056629545 1.3857343782518 1.91238060697426 1.89896268141587 9 8.47 10 9.98 13 12.22
"4" 3 9618 9316.99 34 33.68 66 66.95 88 88 0.949903208445738 0.950224738141095 1.38907145433169 1.38028363045691 1.91015570297091 1.89060274784277 9 8.35 10 9.94 13 12.12
"5" 4 9616 9186.49 34 33.6 66 66.22 87 87 0.950471287774145 0.950082536028394 1.38473982213486 1.37762869507628 1.9085171205405 1.87849439848746 9 8.27 10 9.79 13 12.02
"6" 5 9614 9083.24 34 33.46 65 65.55 86 86 0.950635160606632 0.950447077262785 1.38481985954325 1.37339478641034 1.90659620971982 1.87334367634064 9 8.22 10 9.66 13 11.9
"7" 6 9612 8951 34 33.36 64 64.87 85 85 0.950629506542284 0.9505411070271 1.38489993025893 1.37110575461829 1.90497388102092 1.86651626956528 9 8.15 10 9.52 13 11.78
"8" 7 9610 8855.02 34 33.21 64 64.23 84 84 0.950847069327464 0.950911151127448 1.38348275332498 1.36758116586546 1.9021210646181 1.85486411842391 9 8.1 10 9.44 13 11.6
"9" 8 9608 8741.38 33 33.12 63 63.56 83 83 0.950829280120253 0.951496904709963 1.38356257904383 1.36310902612798 1.90230885001873 1.84197930394553 9 8.05 10 9.39 13 11.44
"10" 9 9606 8663.04 33 33 62 62.91 82 82 0.9508827581431 0.952685792198017 1.38364243800261 1.35641289883458 1.89954943183807 1.83041806319784 9 8.03 10 9.32 13 11.34
"11" 10 9603 8580.15 33 32.9 61 62.31 81 81 0.950920366380212 0.954005471391757 1.38376228881111 1.34735602025441 1.8944874997501 1.81708646381894 9 7.95 10 9.21 13 11.23
"12" 11 9600 8496.39 33 32.75 60 61.62 80 80 0.951337745770245 0.954198861669065 1.38388221452636 1.34483418488057 1.8926898176308 1.80696805548681 9 7.88 10 9.14 13 11.12
"13" 12 9597 8385.69 33 32.6 60 60.98 79 79 0.951725426780689 0.954700688524032 1.38248406414555 1.3411680138979 1.88946982057667 1.80077309743104 9 7.76 10 9.05 13 10.96
"14" 13 9593 8291.94 33 32.51 59 60.38 78 78 0.95186741054259 0.956008052514539 1.3826435487965 1.33358739869419 1.8860471916107 1.79411833138326 9 7.67 10 8.96 13 10.77
"15" 14 9589 8180.05 33 32.35 58 59.74 77 77 0.951914554540117 0.956677230912965 1.38280316650379 1.3290854630518 1.88218325911821 1.78425301764616 9 7.49 10 8.86 12 10.66
"16" 15 9584 8074.61 33 32.28 57 59.05 76 76 0.952178821521745 0.957148502314601 1.38300287600217 1.32700561248066 1.8783915940412 1.77367158901259 9 7.4 10 8.73 12 10.47
"17" 16 9579 7968.4 33 32.05 57 58.48 75 75 0.953190398023948 0.957985381700738 1.37705345589233 1.31885011305387 1.87619129718934 1.76194862096049 9 7.34 10 8.63 12 10.33
"18" 17 9573 7865.97 33 31.94 56 57.7 74 74 0.953188397179364 0.958730234872058 1.37728977896089 1.31531449540944 1.87218685359401 1.74797690979186 9 7.25 10 8.52 12 10.21
"19" 18 9567 7730.35 33 31.76 55 56.99 73 73 0.954197368250261 0.958896246956847 1.37752639845224 1.31460609867524 1.86922269883753 1.74059337801905 9 7.18 10 8.44 12 10.02
"20" 19 9561 7626.31 33 31.6 54 56.38 72 72 0.954558290614988 0.96005363367406 1.37776331492445 1.30804297457043 1.86584124608845 1.73452610915976 9 7.07 10 8.35 12 9.86
"21" 20 9555 7523.07 33 31.45 53 55.66 71 71 0.954914850690015 0.960696958535112 1.37800052893696 1.30276941485783 1.86278257206184 1.71823608237529 9 7.04 10 8.23 12 9.75
"22" 21 9549 7419.34 33 31.25 52 54.92 70 70 0.955426066389997 0.961152899360434 1.37823804105065 1.30171504522695 1.85434480875583 1.71242513807091 9 6.96 10 8.13 12 9.6
"23" 22 9543 7312.42 33 31.05 52 54.26 69 69 0.956387226298123 0.961622408211516 1.36873852873098 1.29633748521932 1.85070138418576 1.70601039663244 9 6.79 10 8.04 12 9.42
"24" 23 9537 7228.75 33 30.95 52 53.54 68 68 0.957585107859936 0.962047079154704 1.36225326666056 1.29531004927107 1.84794148933172 1.6910223456508 9 6.76 10 7.9 12 9.28
"25" 24 9531 7124.45 33 30.77 52 52.85 67 67 0.958336193221937 0.962690165477173 1.35967611219476 1.29000976328461 1.84465065009879 1.67988742069877 9 6.7 10 7.75 12 9.13
"26" 25 9524 7006.32 33 30.59 52 52.16 66 66 0.958591473367808 0.962711191436018 1.35559896408577 1.28789449451602 1.84270278021599 1.67367502871452 9 6.62 10 7.66 12 9.03
"27" 26 9516 6905.06 33 30.46 51 51.41 65 65 0.958522251201914 0.962964438860521 1.35589791235318 1.28531756552632 1.83823004613656 1.66496678444849 9 6.53 10 7.55 12 8.81
"28" 27 9508 6776.41 33 30.23 51 50.63 64 64 0.959515341106737 0.962773757920745 1.34525966604248 1.2839056641921 1.8304807653297 1.66012163969495 9 6.4 10 7.45 12 8.65
"29" 28 9499 6667.7 33 29.99 50 49.91 63 63 0.959685033251145 0.963875559616559 1.3455867885811 1.27912831909409 1.82680050756477 1.65367279059602 9 6.35 10 7.39 12 8.56
"30" 29 9490 6558.1 33 29.83 49 49.25 62 62 0.959683366106756 0.964585336534822 1.34591453158397 1.27631734926271 1.8141506165564 1.64370991113959 9 6.23 10 7.27 12 8.47
"31" 30 9481 6460.56 33 29.63 49 48.52 61 61 0.959881217445697 0.96582920325419 1.34337700159373 1.26989356209603 1.80238304130405 1.62551285197418 9 6.15 10 7.15 12 8.27
"32" 31 9472 6356.78 33 29.46 48 47.91 60 60 0.960942818946166 0.967241190099313 1.34370326774812 1.26208594676406 1.79758485680389 1.61283787149036 9 6.11 10 7 12 8.12
"33" 32 9462 6256.96 33 29.26 47 47.18 59 59 0.960915807251514 0.967871326517027 1.34406651364513 1.25739851035553 1.78938621557843 1.60406391602275 9 6.06 10 6.91 12 7.95
"34" 33 9449 6132.12 33 28.98 47 46.51 58 58 0.962631705138311 0.969178339440396 1.34018067840181 1.25016931983108 1.78531332629922 1.59749507444838 8 5.89 10 6.81 12 7.79
"35" 34 9433 6030.33 33 28.75 47 45.81 57 57 0.964186908945443 0.970358010529802 1.32541173487556 1.2456291081587 1.78046965208926 1.58083384154968 8 5.82 10 6.74 12 7.66
"36" 35 9416 5894.64 33 28.49 46 45.02 56 56 0.964132443858288 0.97026040406071 1.32599924544193 1.24529893168073 1.77349868518936 1.5703825250558 8 5.7 10 6.6 12 7.47
"37" 36 9397 5782.7 33 28.27 46 44.29 55 55 0.96653092464389 0.970923267463092 1.31197406733783 1.24290416978219 1.76948363290373 1.55858890081972 8 5.59 10 6.49 12 7.31
"38" 37 9374 5663.27 33 28 45 43.56 54 54 0.966842792709901 0.97127957276963 1.31273952536522 1.24142624612543 1.76124366275744 1.55453724445615 8 5.5 10 6.36 12 7.19
"39" 38 9350 5576.39 32 27.79 44 42.88 53 53 0.966538748110402 0.971860076120779 1.31354227922712 1.2390887919151 1.76319765718591 1.54333878479356 8 5.42 10 6.25 12 7.06
"40" 39 9323 5462.05 32 27.58 43 42.18 52 52 0.966474186982566 0.973124296215606 1.31445031757735 1.23356431278875 1.7498568164009 1.52993245881807 8 5.36 10 6.12 12 6.93
"41" 40 9292 5334.56 31 27.32 42 41.53 51 51 0.966156218304938 0.973641817511239 1.31549938772854 1.23010207020298 1.75235849110047 1.52896509995851 8 5.26 10 6 12 6.85
"42" 41 9259 5227.25 31 27.1 41 40.86 50 50 0.966346206493498 0.974938905402746 1.3166238590316 1.22371100526341 1.74220229026107 1.51530934364676 8 5.14 10 5.94 12 6.71
"43" 42 9226 5117.81 31 26.9 40 40.15 49 49 0.966236278121166 0.975801676282913 1.31775637446061 1.22262785655695 1.73269025865334 1.50272820123696 8 5.07 10 5.86 12 6.58
"44" 43 9191 4994.59 31 26.66 39 39.41 48 48 0.965438577902897 0.975915551033286 1.31896641396732 1.22060334017904 1.72123394809885 1.49575228550175 8 4.94 9 5.79 12 6.43
"45" 44 9152 4915.31 31 26.46 39 38.74 47 47 0.968014302068833 0.977448307766073 1.30018307320548 1.21267556465308 1.69135743112739 1.47855434476946 8 4.95 9 5.66 12 6.31
"46" 45 9113 4810.02 30 26.23 39 38.03 46 46 0.968234609140808 0.978778271021739 1.28962475293544 1.20356013188602 1.69431616478414 1.46927075827014 8 4.84 9 5.57 12 6.13
"47" 46 9071 4698.51 29 25.94 38 37.3 45 45 0.967942839935704 0.980776062769384 1.29096575609091 1.1977358958544 1.69753094583595 1.4607461929576 8 4.72 9 5.4 11 6.01
"48" 47 9024 4596.45 29 25.6 37 36.54 44 44 0.971304332703826 0.981030710242713 1.29248120273722 1.19529978719604 1.68751925917303 1.45272890147694 8 4.62 9 5.28 11 5.89
"49" 48 8976 4483.68 29 25.31 37 35.88 43 43 0.973005641202374 0.982094357770774 1.27933945862472 1.18725302597216 1.6612906472661 1.43892482568241 8 4.52 9 5.19 11 5.74
"50" 49 8927 4386.81 29 24.98 36 35.26 42 42 0.972305890716554 0.983435561756399 1.28087274343177 1.1777318687855 1.64783708706816 1.43171571895425 8 4.39 9 5.08 11 5.59
"51" 50 8867 4289.21 28 24.59 35 34.58 41 41 0.970767915098086 0.983864864142258 1.28277331460646 1.17112523704258 1.65222078225527 1.4275610156262 8 4.32 9 4.99 11 5.48
"52" 51 8796 4193.67 28 24.32 35 33.89 40 40 0.976081629949264 0.985196024609712 1.21985894725598 1.16713740821095 1.63149979631376 1.41069373556522 8 4.27 9 4.94 11 5.34
"53" 52 8724 4089.48 28 24.02 34 33.18 39 39 0.976369932445799 0.985857258498883 1.22167346401463 1.16174399533096 1.54373667551263 1.40324851643828 8 4.17 9 4.8 11 5.23
"54" 53 8649 3969.59 28 23.66 33 32.42 38 38 0.97575857772571 0.985570421572138 1.22359571049412 1.16036956503878 1.50836844581135 1.39320196703232 8 4.05 9 4.58 11 5.04
"55" 54 8567 3864.86 27 23.3 32 31.66 37 37 0.97488480214282 0.986418342063358 1.22573588187973 1.15581507149482 1.51323435132746 1.38786384073856 8 3.97 9 4.51 10 4.89
"56" 55 8480 3740.96 27 22.89 31 30.88 36 36 0.974039199756356 0.988210149208503 1.22805180425279 1.15113429246753 1.46564483161272 1.37203432031475 8 3.89 9 4.36 10 4.76
"57" 56 8391 3638.23 27 22.47 30 30.11 35 35 0.972793205948087 0.988288220511452 1.23047065904703 1.15118475012835 1.44631005142348 1.36264332852367 8 3.84 8 4.28 10 4.62
"58" 57 8302 3515.23 26 22.11 30 29.39 34 34 0.982145336022433 0.989828506662287 1.20112244818745 1.14353739423202 1.45109463279866 1.34966257783578 7 3.71 8 4.13 10 4.42
"59" 58 8199 3432.63 25 21.73 29 28.56 33 33 0.980881459049968 0.989793693636459 1.20364905047593 1.1434609707689 1.45676151256183 1.34181361229292 7 3.62 8 3.99 10 4.26
"60" 59 8094 3343.06 25 21.29 28 27.71 32 32 0.982849178495067 0.990980185261789 1.20629090250212 1.14076974090054 1.43052833776014 1.33156850712068 7 3.52 8 3.9 10 4.16
"61" 60 7985 3244.87 24 20.86 28 26.91 31 31 0.994886630769587 0.991435176090444 1.14280350139338 1.13824611904889 1.43640530567697 1.32092012204656 7 3.38 8 3.79 9 4.04
"62" 61 7875 3142.57 24 20.36 28 26.1 30 30 1 0.991400114912164 1.10791895006249 1.13624495348506 1.40366672206374 1.31192396126077 7 3.35 8 3.63 9 3.96
"63" 62 7764 3057.28 24 19.92 27 25.32 29 29 1 0.992263167496289 1.1094618407705 1.12971280881607 1.29923774254518 1.30023203839706 7 3.24 8 3.53 9 3.77
"64" 63 7645 2916.52 23 19.51 26 24.48 28 28 1 0.992329069461307 1.11116569414547 1.1296591636402 1.30389559622247 1.28539604074559 7 3.15 8 3.42 9 3.63
"65" 64 7521 2827.33 23 19.1 25 23.6 27 27 0.994974115992335 0.9920899961217 1.11299850176069 1.12868760826131 1.26471165166342 1.27528238334702 7 2.98 7 3.23 8 3.46
"66" 65 7377 2705.01 23 18.6 24 22.8 26 26 0.994907139817962 0.992036912032716 1.11520424722003 1.12472957715784 1.17269420270524 1.26524306980738 7 2.88 7 3.1 8 3.31
"67" 66 7229 2599.17 23 18.09 23 22 25 25 0.994673340533955 0.992337447349997 1.11756283465792 1.12326231474798 1.13305965268566 1.25744882118892 7 2.75 7 2.96 8 3.16
"68" 67 7076 2501.41 22 17.59 22 21.25 24 24 0.99448345303212 0.992329670108987 1.12010482359273 1.11643502181344 1.13593671979432 1.24715814150022 6 2.6 7 2.83 8 3.02
"69" 68 6914 2408.63 21 17.06 21 20.47 23 23 0.994270939273959 0.993353825061934 1.12291896611833 1.10982629844951 1.13912181505129 1.23078611485776 6 2.52 7 2.71 7 2.85
"70" 69 6749 2294.22 20 16.54 20 19.65 22 22 0.994038990580778 0.993536439079915 1.12592409716138 1.10913127279605 1.1425230744206 1.21994936569685 6 2.47 6 2.63 7 2.76
"71" 70 6584 2199.42 19 16.05 20 18.83 21 21 1 0.993535621833356 1.07806331587977 1.10883151293228 1.14609481003412 1.20854638873829 6 2.39 6 2.48 7 2.61
"72" 71 6413 2088.61 18 15.57 19 18.02 20 20 1 0.99404927741286 1.080144842001 1.10218742103312 1.14999036788782 1.19130414284792 6 2.26 6 2.37 6 2.51
"73" 72 6200 2005.63 17 15.01 18 17.21 19 19 1 0.993694936826388 1.08289820512136 1.09885486793062 1.15514326278462 1.18068297699718 5 2.21 5 2.29 6 2.44
"74" 73 5976 1897.46 16 14.45 17 16.38 18 18 1 0.994838722537344 1.08600550062792 1.09818517014818 1.16095853903357 1.16877227981288 5 2.06 5 2.13 6 2.28
"75" 74 5749 1773.85 16 13.8 16 15.54 17 17 0.985145284180455 0.99454661407236 1.08940143881587 1.0918592813255 1.08517156726749 1.16191180098039 5 1.93 5 1.98 5 2.1
"76" 75 5520 1666.84 15 13.07 15 14.68 16 16 0.984159859589851 0.996753054386941 1.0931103028537 1.08259578174379 1.08870495293855 1.15249306592881 5 1.78 5 1.84 5 1.96
"77" 76 5291 1553.53 15 12.33 14 13.85 15 15 1 0.997273024219143 1.09714021390142 1.07649039429608 1 1.14259365155216 5 1.63 4 1.68 5 1.75
"78" 77 5045 1456.31 14 11.66 13 12.98 14 14 1 0.999034809862907 1.10187688240881 1.06933641445582 1 1.12953807566827 4 1.49 4 1.54 4 1.61
"79" 78 4796 1338.06 13 10.93 12 12.14 13 13 1 0.998799980095446 1.1071661534096 1.06814933283917 1 1.12902291269206 4 1.35 4 1.42 4 1.49
"80" 79 4545 1252.41 12 10.33 11 11.24 12 12 1 0.999032775727633 1.11308446023156 1.06176654485063 1 1.1171570465047 4 1.21 4 1.25 4 1.3
"81" 80 4290 1147.24 11 9.62 11 10.35 11 11 1 0.999036918501608 1 1.05021227768128 1 1.11588670940377 3 1.06 3 1.09 3 1.13
"82" 81 4031 1026.61 10 8.85 10 9.46 10 10 1 0.999196907466854 1 1.04882622214018 1 1.10476158074489 3 0.92 3 0.96 3 1
"83" 82 3768 925.9 9 8.1 9 8.52 9 9 1 0.999219681006693 1 1.04629475745599 1 1.09793155656417 3 0.82 3 0.85 3 0.87
"84" 83 3494 814.24 8 7.31 8 7.61 8 8 1 0.998813446193222 1 1.05719265279726 1 1.09069284888764 3 0.69 3 0.71 3 0.73
"85" 84 3220 709.22 7 6.46 7 6.74 7 7 1 0.99971802129001 1 1.02874695752975 1 1.0850467097992 2 0.57 2 0.62 2 0.62
"86" 85 2913 631.02 6 5.62 6 5.79 6 6 1 0.999625222215699 1 1.02530928003031 1 1.06482804808611 2 0.52 2 0.54 2 0.55
"87" 86 2587 531.96 5 4.7 5 4.82 5 5 1 0.999083577438045 1 1.03201138001441 1 1.06572983597007 2 0.38 2 0.4 2 0.42
"88" 87 2176 428.85 4 3.82 4 3.88 4 4 1 0.999442118172228 1 1.0358971173741 1 1.05201159148642 1 0.25 1 0.23 1 0.27
"89" 88 1730 325.2 3 2.93 3 2.92 3 3 1 1 1 1.03244061200742 1 1.03282358841135 1 0.14 1 0.13 1 0.15
"90" 89 0 0 0 0 0 0 0 0 0 0 0 0 0 0 0 0 0 0 0 0
"91" 90 0 0 0 0 0 0 0 0 0 0 0 0 0 0 0 0 0 0 0 0
"92" 91 0 0 0 0 0 0 0 0 0 0 0 0 0 0 0 0 0 0 0 0
