"Obj" "AbuOrd" "AbuRnd" "RowSpO" "RowSpR" "ColSpO" "ColSpR" "IntOrd" "IntRnd" "H2Ord" "H2Rnd" "GenOrd" "GenRnd" "VulOrd" "VulRnd" "50%rOrd" "50%rRnd" "50%cOrd" "50%cRnd" "50%intOrd" "50%intRnd"
"1" 0 19272 19272 38 38 221 221 1143 1143 0.35576669555885 0.355767647292969 14.860982132006 14.860982132006 12.2658022310104 12.2658022310104 12 12 5 5 78 78
"2" 1 19150 18774.93 37 37 220 218.31 1126 1113.39 0.355462127523339 0.354621727408015 14.6607357765728 14.5168292613014 12.2790300920654 12.2849048011506 12 12 5 5 77 75.72
"3" 2 19003 18281.9 36 36 217 215.64 1108 1083.79 0.355463824502581 0.354533194161468 14.4971303744031 14.1173789089409 12.2837060767549 12.2834887963397 12 11.39 5 5 76 73.82
"4" 3 18825 17791.7 35 35 217 212.91 1086 1054.6 0.357002008854715 0.355157107091999 14.1160556652535 13.7307161233134 12.2875207330499 12.2797133118082 12 11.07 5 5.07 74 71.81
"5" 4 18642 17257.77 34 34 215 209.89 1063 1022.88 0.358158714183599 0.355601933619586 13.7426486002541 13.3676131437871 12.3044265066744 12.2613620246356 12 10.96 5 5.07 73 69.62
"6" 5 18425 16748.86 33 33 213 206.9 1033 993.19 0.358718080548464 0.356950327962838 13.5467519282014 12.9785155906669 12.223813013382 12.2642427815887 11 10.46 5 5.1 72 67.54
"7" 6 18178 16246.25 32 32 210 204.13 1016 961.71 0.348931487831382 0.357910182832508 13.5586569867914 12.6147691526164 12.3333444355207 12.2448218904503 11 10.08 5 5.1 71 65.39
"8" 7 17918 15764.08 31 31 209 201.38 998 933.04 0.347970430696112 0.359454334092562 13.3061488927928 12.214878604298 12.4144603351908 12.2395434753129 11 9.92 5 5.13 70 63.19
"9" 8 17599 15269.89 30 30 207 198.62 979 902.5 0.350477968511413 0.360608692399606 12.7587672385498 11.8533045009131 12.481159397143 12.234292980802 11 9.55 5 5.12 68 61.08
"10" 9 17244 14742.74 29 29 205 195.72 959 872.31 0.349939391558525 0.361947943216774 12.3653890595005 11.4875144894772 12.558299924257 12.2331489381055 11 9.07 5 5.14 66 59.01
"11" 10 16881 14190.44 28 28 201 192.67 920 842.2 0.350632565594155 0.363015531587508 12.1104966923366 11.0918277670892 12.4922522427381 12.2485447388307 10 8.9 5 5.1 64 57.01
"12" 11 16517 13668.13 27 27 199 189.42 894 811.8 0.35419587667379 0.36406835327092 11.6364582058841 10.7081396220059 12.4957640110403 12.2319279921945 10 8.55 5 5.12 61 54.81
"13" 12 16150 13164.32 26 26 199 186.08 864 781.38 0.355529311617113 0.365420436570505 11.3761777943377 10.3102239368193 12.3755602185507 12.2200604206053 10 8.14 5 5.14 59 52.63
"14" 13 15781 12658.39 25 25 199 182.69 842 752.7 0.360340699059345 0.365430029973525 10.8248818452256 9.94704671687252 12.4461640006727 12.2453128050195 9 7.94 5 5.15 57 50.76
"15" 14 15387 12140.16 24 24 192 179.54 796 722.95 0.361225445011431 0.365472992989309 10.6139089092699 9.59547847671462 12.2321206281223 12.2645261928522 9 7.56 5 5.11 54 48.83
"16" 15 14964 11633.92 23 23 188 176.01 763 693.91 0.361488160903454 0.36645723099563 10.3927087044011 9.2034768593723 12.2567748818848 12.2729301238549 9 7.18 5 5.14 52 46.82
"17" 16 14513 11100.89 22 22 184 172.08 735 663.33 0.367932070395733 0.366381114799875 9.79908707185075 8.84485955920131 12.2366263402574 12.2627552343957 9 6.9 5 5.1 49 44.72
"18" 17 14058 10581.05 21 21 182 168.77 712 632.65 0.367847156913631 0.36755968281902 9.37730516774821 8.44895764878521 12.2175605436746 12.2612208529571 8 6.57 5 5.1 47 42.73
"19" 18 13578 10088.67 20 20 175 165.24 672 603.13 0.370352465622956 0.368339779818956 8.90474902181974 8.08324009187153 11.914957346391 12.278458975727 8 6.22 5 5.11 43 40.64
"20" 19 13093 9596.91 19 19 172 161.63 651 574.62 0.370092539835725 0.369339611520189 8.37293419613304 7.69135618254886 12.1020045133878 12.3114731073591 8 5.93 5 5.14 42 38.78
"21" 20 12586 9126.38 18 18 170 157.77 635 544.13 0.363272946008933 0.370321251026149 7.98371707283447 7.32158892638144 12.3835133820879 12.2898110796846 7 5.62 5 5.1 42 36.63
"22" 21 12078 8613.26 17 17 168 153.83 598 513.43 0.36253685221716 0.371926217565589 7.7491396922448 6.9567364145277 12.4969431819946 12.2719119110673 7 5.18 5 5.04 40 34.45
"23" 22 11554 8087.83 16 16 165 149.61 573 483.09 0.361674432437319 0.375213636721132 7.25186685415319 6.56174517672869 12.4948441213786 12.2842295712338 6 4.93 5 5.03 37 32.47
"24" 23 11026 7566.76 15 15 160 145.32 531 453.79 0.366774149591717 0.378324870936266 6.72538356339545 6.17807017146145 12.0927156042039 12.3028785081784 6 4.56 5 5.02 34 30.29
"25" 24 10470 7085.44 14 14 155 140.57 492 422.66 0.372424867017622 0.380851071716768 6.30077520672855 5.82846701707081 11.6371697741456 12.280089221311 6 4.21 5 5.01 31 28.33
"26" 25 9884 6554.81 13 13 152 135.64 460 392.73 0.367601848263827 0.383266814427139 6.10197807040034 5.48068018558227 11.6467982943938 12.3365221252763 5 3.92 5 5 29 26.49
"27" 26 9286 6052.79 12 12 146 130.92 430 362.72 0.377031586567763 0.38985633231668 5.62976792672738 5.09576976475553 11.5540231764815 12.3374128993307 5 3.68 5 4.87 25 24.42
"28" 27 8610 5602.16 11 11 142 125.73 392 333.2 0.380273054367099 0.394837050342951 5.40185420566164 4.74621727525768 11.3509982598277 12.3638484496271 4 3.23 5 4.95 23 22.64
"29" 28 7922 5064.04 10 10 135 119.93 352 302.45 0.356267995893112 0.404242817181569 5.43968070800488 4.34179645784305 11.6087892459243 12.371145931821 4 2.92 4 4.86 22 20.51
"30" 29 7233 4548.68 9 9 132 113.92 316 271.87 0.371725976363444 0.411555691271616 4.84772631003414 3.98640291228542 11.6233488656783 12.3521560169641 4 2.68 4 4.79 20 18.47
"31" 30 6535 4056.13 8 8 129 108.19 286 242.33 0.364207020747035 0.421215255393842 4.51413815354211 3.62585414937665 11.6318210621728 12.4237312232198 3 2.23 4 4.69 18 16.6
"32" 31 5833 3566.15 7 7 114 101.41 255 212.89 0.274703468369836 0.433943249538781 4.74629693306698 3.25342161726585 12.2373433715304 12.4234905616257 3 1.95 3 4.56 17 14.5
"33" 32 5130 3068.4 6 6 107 93.03 220 181.48 0.295971027847878 0.44098520881044 4.00333220218283 2.91676082998665 12.1749810920859 12.3681607095339 2 1.72 3 4.41 15 12.47
"34" 33 4354 2568.31 5 5 103 83.79 189 150.91 0.350096057870554 0.45203065440322 3.21192007068827 2.56618969664379 12.4201744060152 12.2446952785696 2 1.17 4 4.19 12 10.42
"35" 34 3549 2060.9 4 4 93 74.26 157 120.91 0.389513724659185 0.476744810961723 2.56409917230739 2.16994683946988 12.7052128071484 12.2669080930712 1 0.98 4 3.89 10 8.4
"36" 35 2713 1511.75 3 3 85 62.36 120 90 0.482143012439593 0.504278143630448 1.92100188653454 1.77966058316418 13.5972649884079 12.3512360855408 1 0.71 4 3.6 8 6.33
"37" 36 1862 1030.19 2 2 59 49.41 80 61.07 0.506517689488215 0.55181216579365 1.45372116145738 1.3818067814539 14.056009538069 12.5029630151943 0 0 4 3.08 5 4.23
"38" 37 0 0 0 0 0 0 0 0 0 0 0 0 0 0 0 0 0 0 0 0
"39" 38 0 0 0 0 0 0 0 0 0 0 0 0 0 0 0 0 0 0 0 0
