"Obj" "AbuOrd" "AbuRnd" "RowSpO" "RowSpR" "ColSpO" "ColSpR" "IntOrd" "IntRnd" "H2Ord" "H2Rnd" "GenOrd" "GenRnd" "VulOrd" "VulRnd" "50%rOrd" "50%rRnd" "50%cOrd" "50%cRnd" "50%intOrd" "50%intRnd"
"1" 0 19272 19272 38 38 221 221 1143 1143 0.355762204519829 0.355767647292969 14.860982132006 14.860982132006 12.2658022310104 12.2658022310104 12 12 5 5 78 78
"2" 1 19270 19188.49 38 38 220 220 1142 1138.81 0.355779190744424 0.356007446675676 14.8624207393887 14.856338712744 12.2608510100395 12.2319123453328 12 11.99 5 5 78 77.47
"3" 2 19268 19038.24 38 38 219 219 1141 1132.38 0.355741917668601 0.356288395227333 14.8638596454235 14.8605486545578 12.2556597086909 12.1919899874579 12 11.96 5 5 78 76.9
"4" 3 19266 18906.97 38 38 218 218 1140 1127.26 0.355722572536733 0.356907093512363 14.8652988502034 14.8432345634454 12.2473984988822 12.1525792991843 12 11.94 5 5 78 76.53
"5" 4 19264 18871.24 38 38 217 217 1139 1123.4 0.355726106746901 0.356810720885882 14.8667383538216 14.8554087639355 12.2422224463015 12.1127134159283 12 11.94 5 5 78 76.36
"6" 5 19262 18797.78 38 38 216 216 1138 1117.8 0.355728162163669 0.356969546501016 14.8681781563711 14.8634993091168 12.2372889032276 12.0541030627966 12 11.94 5 4.99 78 76.07
"7" 6 19260 18708.37 38 38 215 215 1137 1112.74 0.355693223297816 0.357605587279854 14.8696182579449 14.8551549680629 12.2351319385094 11.9972550015361 12 11.94 5 4.99 77 75.72
"8" 7 19258 18575.73 38 38 214 214 1136 1107.28 0.35570922253659 0.357959284091489 14.8710586586364 14.8414327628862 12.2288446174995 11.9492556032915 12 11.95 5 4.99 77 75.29
"9" 8 19256 18412.49 38 38 213 213 1135 1100.49 0.355681170160276 0.359744017256514 14.8724993585386 14.7855722563404 12.2227647657107 11.864154210723 12 11.94 5 4.99 77 74.56
"10" 9 19254 18357.71 38 38 212 212 1134 1095.05 0.355668011773507 0.359962226352266 14.8739403577448 14.785456659479 12.2142446644236 11.8056715896726 12 11.94 5 4.99 77 74.2
"11" 10 19252 18223.31 38 38 211 211 1133 1088.69 0.355703205688982 0.361143245168391 14.8753816563484 14.7526759244963 12.2105665158704 11.7401198760521 12 11.94 5 4.97 77 73.77
"12" 11 19250 18164.58 38 38 210 210 1132 1084.37 0.35568280818972 0.361032878676933 14.8768232544426 14.7661203198794 12.2060690621864 11.6977593095336 12 11.94 5 4.97 77 73.55
"13" 12 19248 18065.23 38 38 209 209 1131 1078.39 0.355652236757186 0.361656950377273 14.8782651521207 14.758680637094 12.2001646603316 11.6302616924388 12 11.94 5 4.97 77 73.07
"14" 13 19246 17979.44 38 38 208 208 1130 1072.73 0.355626323132101 0.361720825805278 14.8797073494762 14.7645848273725 12.1969272628291 11.5766383094857 12 11.92 5 4.96 77 72.74
"15" 14 19244 17919.59 38 38 207 207 1129 1068.06 0.355642116427341 0.36172771309765 14.8811498466025 14.7674290876964 12.1901187808852 11.5339725670997 12 11.92 5 4.95 77 72.43
"16" 15 19242 17833.23 38 38 206 206 1128 1062.75 0.355586620313498 0.361726214123736 14.8825926435931 14.779230841673 12.1868009305214 11.4866379987589 12 11.92 5 4.94 77 72.19
"17" 16 19240 17711.02 38 38 205 205 1127 1057.81 0.355593475179018 0.362358285374532 14.8840357405415 14.7573768517225 12.1819327704022 11.4357817451087 12 11.93 5 4.92 77 71.8
"18" 17 19238 17630.77 38 38 204 204 1126 1053.44 0.355577509891821 0.362270852156797 14.8854791375413 14.7615107744725 12.1737672450187 11.4013459262556 12 11.92 5 4.92 77 71.53
"19" 18 19236 17606.98 38 38 203 203 1125 1049.64 0.355561296869562 0.362086037394477 14.886922834686 14.7728070055003 12.1709585896697 11.3655021780851 12 11.92 5 4.92 77 71.38
"20" 19 19234 17534.09 38 38 202 202 1124 1044.32 0.355568902259975 0.362617307606522 14.8883668320692 14.7598531862722 12.1673309725702 11.3126373224231 12 11.91 5 4.9 77 71.03
"21" 20 19232 17420 38 38 201 201 1123 1038.15 0.355534601650507 0.362935134712665 14.8898111297847 14.7454704957221 12.1641744858485 11.261248885992 12 11.89 5 4.91 77 70.61
"22" 21 19230 17351.4 38 38 200 200 1122 1033.42 0.355542673434028 0.362850452019986 14.8912557279261 14.7610266666523 12.1556064367245 11.220596605938 12 11.89 5 4.88 77 70.41
"23" 22 19228 17255.75 38 38 199 199 1121 1028.43 0.35554805144997 0.363140879419414 14.8927006265872 14.7590124816109 12.1504173064662 11.1702158835894 12 11.89 5 4.85 77 70.05
"24" 23 19226 17136.79 38 38 198 198 1120 1022.42 0.355526787652739 0.363448891345836 14.8941458258618 14.7522399317547 12.1476547580391 11.1145341733139 12 11.9 5 4.82 77 69.65
"25" 24 19224 17054.72 38 38 197 197 1119 1016.8 0.355496181936103 0.363126750896485 14.8955913258437 14.779935270881 12.1392242443603 11.0578489402364 12 11.9 5 4.76 77 69.3
"26" 25 19222 16979.23 38 38 196 196 1118 1011.46 0.355507563982427 0.363028719307901 14.8970371266267 14.7978051753106 12.1324680309291 11.0115245687248 12 11.9 5 4.74 77 69.04
"27" 26 19220 16940.45 38 38 195 195 1117 1006.96 0.355512650882626 0.362870596485953 14.8984832283049 14.8103899005788 12.1239996865965 10.9661482312775 12 11.9 5 4.73 77 68.83
"28" 27 19218 16872.87 38 38 194 194 1116 1002.28 0.355483702628382 0.363184685733246 14.899929630972 14.8052975372217 12.1156742980999 10.9135003343899 12 11.89 5 4.72 77 68.47
"29" 28 19216 16757.8 38 38 193 193 1115 997.26 0.35545244526798 0.363759977461508 14.9013763347221 14.7811345937782 12.1112500214248 10.8678750942706 12 11.86 5 4.71 77 68.09
"30" 29 19214 16684.65 38 38 192 192 1114 992.81 0.355433540604694 0.363924374235503 14.9028233396492 14.775623325587 12.1031819008506 10.8287542529676 12 11.85 5 4.69 77 67.84
"31" 30 19212 16629.81 38 38 191 191 1113 988.57 0.35545277960068 0.363643406133361 14.9042706458474 14.7946979469853 12.099601237229 10.7953646805839 12 11.84 5 4.67 77 67.64
"32" 31 19210 16509.93 38 38 190 190 1112 982.71 0.35543169516864 0.363975545424395 14.9057182534107 14.7835023340149 12.0917228139215 10.7484256013333 12 11.81 5 4.62 77 67.37
"33" 32 19208 16458.88 38 38 189 189 1111 977.68 0.355405079161899 0.363622324118107 14.9071661624333 14.804467534087 12.0839691165979 10.7007809670651 12 11.81 5 4.58 77 67.09
"34" 33 19206 16328.62 38 38 188 188 1110 971.77 0.355395023694527 0.36414211202295 14.9086143730094 14.7963024353901 12.0763395415173 10.6436565701332 12 11.8 5 4.52 77 66.56
"35" 34 19204 16220.29 38 38 187 187 1109 966.66 0.355421953160831 0.365439315809753 14.9100628852333 14.7384659786158 12.070390331761 10.589975471862 12 11.8 5 4.55 77 66.11
"36" 35 19202 16157.27 38 38 186 186 1108 961.06 0.35544105302606 0.365683101635473 14.911511699199 14.7354877884396 12.0637056384609 10.5285997018467 12 11.8 5 4.52 77 65.78
"37" 36 19200 16075.73 38 38 185 185 1107 956.01 0.355446962198697 0.365855576814448 14.912960815001 14.7431977894311 12.0591129889743 10.4867468427292 12 11.79 5 4.46 77 65.44
"38" 37 19198 15932.49 38 38 184 184 1106 949.84 0.355417752169149 0.367221542310567 14.9144102327336 14.6848829734998 12.0516027859116 10.421108454878 12 11.77 5 4.43 77 64.79
"39" 38 19196 15813.04 38 38 183 183 1105 943.89 0.355422580507731 0.367806164945072 14.9158599524911 14.6740165766075 12.0470652734509 10.3508496649061 12 11.76 5 4.39 77 64.24
"40" 39 19194 15746.61 38 38 182 182 1104 938.78 0.355387493972333 0.367483803049839 14.917309974368 14.699436727628 12.043808004208 10.3022092677177 12 11.75 5 4.38 77 63.99
"41" 40 19192 15678.48 38 38 181 181 1103 934.17 0.355419287940597 0.367710216734247 14.9187602984587 14.6996335747207 12.0388769657975 10.2509266913109 12 11.75 5 4.36 77 63.67
"42" 41 19190 15606.11 38 38 180 180 1102 929.58 0.35540895811644 0.368154895469958 14.9202109248577 14.69116645592 12.0337292881445 10.1997654373735 12 11.75 5 4.34 77 63.36
"43" 42 19188 15555.94 38 38 179 179 1101 925.75 0.355409187509511 0.368074973156232 14.9216618536595 14.6971611422084 12.0270160043624 10.1668752864697 12 11.74 5 4.34 77 63.13
"44" 43 19186 15480.5 38 38 178 178 1100 920.34 0.355415231843156 0.368327385641625 14.9231130849588 14.6965406061671 12.0211218759438 10.1151213190419 12 11.72 5 4.33 77 62.82
"45" 44 19184 15399.73 38 38 177 177 1099 915.27 0.355376321837325 0.369105903213309 14.9245646188501 14.6871267137031 12.0167708576993 10.05464769268 12 11.72 5 4.27 77 62.43
"46" 45 19182 15300.87 38 38 176 176 1098 909.9 0.355341058266156 0.369654571115256 14.926016455428 14.6767348832605 12.0087940204314 9.99621425563313 12 11.68 5 4.24 77 61.97
"47" 46 19180 15175.6 38 38 175 175 1097 903.67 0.355323002924991 0.37020557456874 14.9274685947872 14.6747855172916 12.0030405677701 9.93132813375252 12 11.68 5 4.18 77 61.41
"48" 47 19178 15106.51 38 38 174 174 1096 899.27 0.355326911539614 0.369909056477413 14.9289210370226 14.6787663681832 11.9972069952735 9.90467937747939 12 11.64 5 4.15 77 61.24
"49" 48 19176 14994.86 38 38 173 173 1095 893.48 0.355330488711178 0.370112210676159 14.9303737822288 14.6976022904763 11.9914374103868 9.8507846737925 12 11.64 5 4.13 77 60.82
"50" 49 19174 14943.02 38 38 172 172 1094 889.19 0.35532267542611 0.369793990422554 14.9318268305006 14.716460702984 11.9857540512755 9.81778481132183 12 11.64 5 4.11 77 60.67
"51" 50 19172 14825.16 38 38 171 171 1093 883.05 0.355327232265908 0.370599581179016 14.933280181933 14.6987826295756 11.9806657390476 9.74980429044123 12 11.64 5 4.04 77 60.19
"52" 51 19170 14751.53 38 38 170 170 1092 878.56 0.355277152746722 0.370457575501947 14.9347338366207 14.7143460821636 11.9796102042732 9.71039697391215 12 11.62 5 4.03 77 59.96
"53" 52 19168 14715.62 38 38 169 169 1091 875.02 0.355306000783894 0.370449318434801 14.9361877946588 14.7165882045595 11.9729499496662 9.67155795746724 12 11.61 5 4.03 77 59.67
"54" 53 19166 14648.78 38 38 168 168 1090 870.4 0.355295188154293 0.371063881750771 14.9376420561421 14.7092399972307 11.9719635829623 9.62300327922522 12 11.63 5 4.02 77 59.36
"55" 54 19164 14588.68 38 38 167 167 1089 865.5 0.3552538350221 0.371332836514231 14.9390966211657 14.6935784804356 11.9687582976604 9.58296421287029 12 11.61 5 4.02 77 59.16
"56" 55 19162 14504.79 38 38 166 166 1088 860.19 0.355258823987368 0.371313515192779 14.9405514898246 14.7073618274187 11.9630428392692 9.54536064447339 12 11.58 5 4 77 58.86
"57" 56 19160 14464.11 38 38 165 165 1087 855.55 0.355244875369383 0.371061897997841 14.942006662214 14.7275955571442 11.9578855805167 9.5036556259399 12 11.57 5 3.97 77 58.62
"58" 57 19158 14412.2 38 38 164 164 1086 851.22 0.355242842978593 0.370746203816905 14.9434621384288 14.7505410899432 11.9560086905066 9.46366656085852 12 11.54 5 3.94 77 58.35
"59" 58 19156 14356.67 38 38 163 163 1085 845.89 0.355200483944041 0.370830419685944 14.9449179185644 14.7666473744928 11.9533018234919 9.41104954836993 12 11.51 5 3.9 77 58.09
"60" 59 19154 14255.8 38 38 162 162 1084 840.74 0.355188303441998 0.37127242785324 14.9463740027158 14.7659125767803 11.9482357276744 9.35643216256981 12 11.48 5 3.84 77 57.7
"61" 60 19152 14192.5 38 38 161 161 1083 836.6 0.355162052614819 0.3713560293077 14.9478303909785 14.7820724154591 11.9434926154689 9.31281372875895 12 11.48 5 3.82 77 57.4
"62" 61 19150 14100.51 38 38 160 160 1082 831 0.355172802650822 0.371957279741051 14.9492870834475 14.7747122839759 11.9368877850751 9.26024550845846 12 11.47 5 3.82 77 57.11
"63" 62 19148 13959.66 38 38 159 159 1081 824.52 0.355122925614933 0.373451469840703 14.9507440802183 14.7274358017914 11.9337422395376 9.18274041387563 12 11.45 5 3.81 77 56.42
"64" 63 19145 13843.99 38 38 158 158 1080 818.7 0.355076034912542 0.374552683978255 14.9529301461488 14.6830010585617 11.9231743963624 9.12383652507449 12 11.45 5 3.8 77 55.98
"65" 64 19142 13754.79 38 38 157 157 1079 814.06 0.355025218106636 0.374906999439635 14.9551168972949 14.6936344641166 11.9207590112378 9.08470652549842 12 11.45 5 3.77 77 55.7
"66" 65 19139 13611.17 38 38 156 156 1078 807.78 0.354947005116804 0.375271992513093 14.9573043339788 14.6783282383242 11.9108781449289 9.04213476704173 12 11.42 5 3.7 77 55.38
"67" 66 19136 13511.45 38 38 155 155 1077 802.03 0.354905167825799 0.375951384391573 14.9594924565228 14.6630598107879 11.9030882548034 8.98683922726842 12 11.36 5 3.68 77 54.94
"68" 67 19133 13418.28 38 38 154 154 1076 796.01 0.35489095799671 0.376732850645524 14.9616812652495 14.6491752963822 11.8954500019234 8.93210130190917 12 11.36 5 3.68 77 54.53
"69" 68 19130 13326.81 38 38 153 153 1075 790.99 0.354833877262621 0.377546961492706 14.9638707604819 14.6325424775477 11.8878609095023 8.87606095052176 12 11.34 5 3.65 77 54.2
"70" 69 19127 13237.64 38 38 152 152 1074 785.5 0.354818138306971 0.378173884161434 14.966060942543 14.6192884415459 11.8803690790081 8.81328504927551 12 11.32 5 3.65 77 53.69
"71" 70 19124 13163.69 38 38 151 151 1073 780.7 0.354768070951919 0.378134053248518 14.9682518117559 14.6494461887433 11.8727157118591 8.76474424576963 12 11.32 5 3.64 77 53.43
"72" 71 19121 13044.9 38 38 150 150 1072 774.55 0.354757106133248 0.37945184687989 14.9704433684441 14.609165163846 11.8613656440961 8.69653595133319 12 11.31 5 3.64 76 52.89
"73" 72 19118 12886.59 38 38 149 149 1071 768.62 0.354690373005357 0.380918904316232 14.9726356129312 14.5664987042334 11.851685126126 8.63459001387078 12 11.29 5 3.6 76 52.38
"74" 73 19114 12795.74 38 38 148 148 1069 763.76 0.354675922777135 0.381556267938072 14.9753504053583 14.5284153296342 11.8388367866592 8.58786458489523 12 11.29 5 3.6 76 51.98
"75" 74 19110 12667.21 38 38 147 147 1067 758.59 0.354668599767589 0.382097950888126 14.9780663342763 14.5298765101046 11.8318130891169 8.55221175206243 12 11.25 5 3.53 76 51.72
"76" 75 19106 12621.11 38 38 146 146 1066 753.6 0.354680478888552 0.381931673849892 14.9809927587156 14.5508812484527 11.8206686803417 8.51050516812233 12 11.26 5 3.51 76 51.58
"77" 76 19102 12559.76 38 38 145 145 1065 748.85 0.35466715053078 0.381876340919599 14.983920408754 14.576937736441 11.8101262029903 8.46454764548752 12 11.21 5 3.48 76 51.35
"78" 77 19098 12441.22 38 38 144 144 1064 743.39 0.354711792757277 0.383279348475214 14.9868492851618 14.5221643706249 11.8013641024127 8.41196188440197 12 11.18 5 3.48 76 50.87
"79" 78 19094 12369.11 38 38 143 143 1062 738.99 0.354713755959081 0.382722276192388 14.9895698988174 14.5639599808313 11.7922157248185 8.37461689651311 12 11.16 5 3.46 76 50.66
"80" 79 19090 12233.1 38 38 142 142 1061 733.15 0.354665034709075 0.384200190589267 14.9925011863813 14.5226270450854 11.782905067355 8.32338788929882 12 11.15 5 3.44 76 50.24
"81" 80 19086 12168.61 38 38 141 141 1059 727.79 0.354713945061253 0.384452640432971 14.9952241249093 14.5388242075535 11.7729170621794 8.26662201150386 12 11.15 5 3.41 76 49.85
"82" 81 19082 12059.39 38 38 140 140 1057 721.77 0.354750486404226 0.384807577529723 14.997948205011 14.5445694333573 11.7608513891777 8.21194668276614 12 11.1 5 3.39 76 49.46
"83" 82 19078 11967.22 38 38 139 139 1055 716.61 0.354763276064212 0.385522295874715 15.0006734274043 14.5367363287395 11.7497011140882 8.15172277578931 12 11.09 5 3.35 76 49.03
"84" 83 19074 11875.68 38 38 138 138 1053 710.8 0.354763719371147 0.386740746752567 15.003399792808 14.4953535941387 11.7378091734128 8.09205362727117 12 11.05 5 3.31 76 48.52
"85" 84 19070 11718.22 38 38 137 137 1051 704.55 0.354702916670633 0.389121398622614 15.0061273019412 14.4145441287079 11.7241248791979 8.01651579993579 12 11.02 5 3.29 76 47.82
"86" 85 19065 11593.57 38 38 136 136 1049 699.37 0.354733215623582 0.389967471401319 15.0095487537109 14.3955652569268 11.7123067165068 7.96810536080118 12 10.99 5 3.25 76 47.4
"87" 86 19060 11462.61 38 38 135 135 1047 693.24 0.354692482547832 0.391155386875193 15.0129720005759 14.3734444673054 11.6965542412592 7.90226367502949 12 11 5 3.2 76 46.87
"88" 87 19055 11323.36 38 38 134 134 1045 687.09 0.354677765767758 0.391755172735945 15.0163970439494 14.3544205388618 11.6892600148715 7.86940673535447 12 10.99 5 3.23 76 46.65
"89" 88 19050 11264.88 38 38 133 133 1044 683.13 0.354499875222556 0.391866357494423 15.0200758883179 14.3674776179378 11.6833619191425 7.83090359864767 12 10.96 5 3.22 76 46.38
"90" 89 19045 11203.36 38 38 132 132 1043 679.14 0.35444596762415 0.391858504798911 15.0237566643453 14.3643175539099 11.6732257873258 7.80474960850191 12 10.95 5 3.22 76 46.25
"91" 90 19040 11093.44 38 38 131 131 1041 673.68 0.354419348338239 0.391699971678156 15.0271872381268 14.3841375688309 11.6553040073987 7.76350438692368 12 10.93 5 3.19 76 45.97
"92" 91 19035 11015.85 38 38 130 130 1039 668.75 0.354318722083658 0.392200247914369 15.0306196141536 14.3760232739716 11.6454660735473 7.71446303746359 12 10.92 5 3.15 76 45.72
"93" 92 19030 10892.23 38 38 129 129 1038 663.43 0.354168384888035 0.393919671430161 15.0343060617664 14.3367166006869 11.6399029842749 7.65942109797936 12 10.9 5 3.14 76 45.26
"94" 93 19025 10805.47 38 38 128 128 1037 658.04 0.354123330957627 0.393842195380673 15.0379944470651 14.37731036461 11.6266061418 7.61015920378498 12 10.9 5 3.08 76 44.96
"95" 94 19020 10686.51 38 38 127 127 1035 652.08 0.354026740703888 0.395223625750277 15.0414323710249 14.337075915043 11.6169439198852 7.54463586856215 12 10.87 5 3.07 76 44.49
"96" 95 19015 10620.27 38 38 126 126 1033 647.28 0.354067974066607 0.394579293733146 15.0448721029909 14.373213007932 11.6027730235341 7.50825044264069 12 10.86 5 3.05 76 44.35
"97" 96 19009 10557.19 38 38 125 125 1030 642.34 0.354094019151306 0.394607940363758 15.0486739459399 14.3935125773254 11.5848828118744 7.45567679636419 12 10.84 5 3.02 76 44.06
"98" 97 19003 10475.2 38 38 124 124 1029 637.14 0.354005793753419 0.395429072992258 15.053109668914 14.3910256869841 11.5687202992182 7.3997331845326 12 10.85 5 3.01 76 43.74
"99" 98 18997 10342.31 38 38 123 123 1028 631.02 0.353850584332005 0.396181471458318 15.0575481938397 14.3556306896705 11.5630127241177 7.35247824801086 12 10.78 5 2.99 76 43.28
"100" 99 18991 10260.19 38 38 122 122 1025 626.22 0.353940523501525 0.39679932368373 15.0613576451146 14.3388607264672 11.5474067733831 7.30078180741277 12 10.78 5 2.98 76 42.91
"101" 100 18984 10186.8 38 38 121 121 1022 621.07 0.354019673078504 0.39668231252286 15.0658265404775 14.3492889582551 11.5322866406396 7.26064107397006 12 10.73 5 2.92 76 42.65
"102" 101 18977 10106.58 38 38 120 120 1019 616.41 0.353953070287603 0.397209488498116 15.0702987327015 14.3563546792923 11.5194115242701 7.21176958391465 12 10.72 5 2.89 75 42.34
"103" 102 18970 10055.04 38 38 119 119 1016 611.61 0.35403824793881 0.396904296647633 15.0747742254364 14.3863536370555 11.502829764992 7.15782018565402 12 10.71 5 2.88 75 42.03
"104" 103 18963 9950.36 38 38 118 118 1015 606.6 0.353945691678785 0.398379443406973 15.0799697862432 14.3517412554569 11.4942359303838 7.10121266950038 12 10.71 5 2.83 75 41.55
"105" 104 18955 9892.4 38 38 117 117 1014 602.1 0.35372282779588 0.39777832668841 15.0859122688752 14.3796497364054 11.4803078914506 7.06120537036191 12 10.66 5 2.8 75 41.34
"106" 105 18947 9793.01 38 38 116 116 1011 596.99 0.353653357583448 0.398396525113223 15.0910359340393 14.4029749400419 11.4599452287356 7.02153359451029 12 10.7 5 2.74 75 41.15
"107" 106 18939 9696.04 38 38 115 115 1007 591.8 0.353650609463262 0.39949941501401 15.0957208850648 14.3950570346045 11.441574732505 6.96483099928447 12 10.68 5 2.69 75 40.68
"108" 107 18931 9635.28 38 38 114 114 1006 587.2 0.35326394965975 0.399743912893427 15.1016775575639 14.3865255659093 11.4285248838891 6.91446570826832 12 10.65 5 2.69 75 40.33
"109" 108 18923 9557.93 38 38 113 113 1005 582.95 0.353212638599061 0.400222754570754 15.1076392666196 14.3845264620635 11.4131716067224 6.87292455633156 12 10.63 5 2.67 75 40.02
"110" 109 18914 9456.4 38 38 112 112 1001 577.75 0.353203123730572 0.40112622322599 15.1129574829978 14.3721057115365 11.3897549830808 6.82473635937424 12 10.6 5 2.65 75 39.75
"111" 110 18905 9355.02 38 38 111 111 999 572.38 0.353207480163656 0.402188978032302 15.1192525204574 14.3376839564266 11.372772603661 6.76396406710804 12 10.54 5 2.61 75 39.18
"112" 111 18896 9263.91 38 38 110 110 996 566.56 0.353185128792102 0.40320779431486 15.1251654171866 14.3204297236937 11.3486968231621 6.70024815880193 12 10.55 5 2.56 75 38.82
"113" 112 18887 9128.05 38 38 109 109 994 560.59 0.353121524724046 0.404963063380033 15.1315634999763 14.2827757042229 11.3293914944557 6.63965752730123 12 10.51 5 2.54 75 38.27
"114" 113 18877 9004.04 38 38 108 108 993 554.74 0.352888805959558 0.40646269991609 15.1390496278038 14.2398160677994 11.3120500070516 6.58522346196998 12 10.48 5 2.54 75 37.87
"115" 114 18867 8871.17 38 38 107 107 991 548.53 0.352608303352874 0.408572611281236 15.1460347965765 14.1939875273039 11.2927360640513 6.51903832574657 12 10.44 5 2.46 75 37.36
"116" 115 18857 8786.89 38 38 106 106 988 543.01 0.352462716018784 0.409516707503311 15.1525439384915 14.1790780385155 11.2665170972084 6.46404963607799 12 10.43 5 2.44 75 37.03
"117" 116 18847 8741.4 38 38 105 105 983 538.55 0.352452829742665 0.410065791802448 15.1579307607648 14.1905241976911 11.2398860835559 6.41903501215603 12 10.44 5 2.42 75 36.83
"118" 117 18836 8638.46 38 38 104 104 980 532.88 0.352318588235766 0.411771741138633 15.1650852131381 14.1304592216286 11.2093759595026 6.37580892108169 12 10.39 5 2.48 74 36.53
"119" 118 18825 8541.56 38 38 103 103 979 527.36 0.351931713874334 0.411806266285866 15.173362288163 14.1258364265478 11.1930662156902 6.33008354054828 12 10.35 5 2.46 74 36.14
"120" 119 18814 8378.72 38 38 102 102 978 520.83 0.351813126118817 0.414020137091968 15.1816490419193 14.0424752698864 11.1753588718292 6.27211541110002 12 10.34 5 2.46 74 35.65
"121" 120 18803 8318.06 38 38 101 101 974 515.9 0.352007811959081 0.414534251427219 15.1882213468892 14.0639259953089 11.1454392367166 6.22572550793345 12 10.33 5 2.45 74 35.48
"122" 121 18792 8260.86 38 38 100 100 972 510.74 0.351902768009233 0.415086923223258 15.1959459787247 14.080503347557 11.1210902782701 6.16929234495023 12 10.27 5 2.43 74 35.15
"123" 122 18780 8219.92 38 38 99 99 971 505.96 0.351793300945901 0.415181466697803 15.2050168707239 14.1027591256114 11.103277864622 6.12151121591603 12 10.25 5 2.36 74 34.9
"124" 123 18768 8168.05 38 38 98 98 968 501.69 0.351827995693797 0.415289537818735 15.2129807822308 14.1268232165028 11.0711080086666 6.08132526889319 12 10.28 5 2.36 74 34.68
"125" 124 18755 8105.78 38 38 97 97 963 496.97 0.351924296945271 0.415544938492711 15.2203583618127 14.1350489906645 11.0470873410607 6.0315840857914 12 10.26 5 2.34 74 34.42
"126" 125 18742 8023.79 38 38 96 96 960 492.93 0.351777148233249 0.414583395677371 15.2290067746968 14.1745738259485 11.0255071426037 6.00375929167555 12 10.19 5 2.31 74 34.21
"127" 126 18729 7917.15 38 38 95 95 959 487.44 0.351328759398939 0.415436472101847 15.238883281081 14.1614198893098 10.9969417705816 5.95577664178124 12 10.14 5 2.29 74 33.82
"128" 127 18716 7882.66 38 38 94 94 958 483.05 0.35091136445542 0.415513879795341 15.248773507767 14.1863438252786 10.9784565998752 5.90191422080684 12 10.12 5 2.28 74 33.54
"129" 128 18703 7818.83 38 38 93 93 957 477.89 0.350470666036887 0.416041977282559 15.2586774833645 14.1823201651414 10.9698453051219 5.8455251675572 12 10.08 5 2.26 73 33.16
"130" 129 18690 7694.59 38 38 92 92 952 473.12 0.35034446425128 0.416632299698924 15.2659643047137 14.1794023253682 10.9442623279717 5.81511941052734 12 10.13 5 2.23 73 33.01
"131" 130 18676 7637.75 38 38 91 91 947 467.09 0.350310146804398 0.417542334524532 15.2737900777659 14.1764845183828 10.9118100824123 5.75576835532211 12 10.09 5 2.25 73 32.71
"132" 131 18662 7549.09 38 38 90 90 942 461.95 0.350314024010044 0.418927112301102 15.2816275924131 14.18023582472 10.8770323979966 5.70396463533173 12 10.08 5 2.22 73 32.39
"133" 132 18648 7456.34 38 38 89 89 938 456.87 0.350202715988598 0.420336772785759 15.2901991496912 14.142424871214 10.8536312252132 5.64434567303557 12 10.04 5 2.21 73 31.97
"134" 133 18633 7421.28 38 38 88 88 932 452.17 0.350052113236095 0.420817119890786 15.2977742616193 14.164941233848 10.819298646524 5.59570870892929 12 10.04 5 2.17 73 31.71
"135" 134 18618 7367.81 38 38 87 87 929 447.8 0.349809577530319 0.421144182119883 15.308015451574 14.1554684084047 10.7826653293015 5.55295540129543 12 10.01 5 2.16 73 31.43
"136" 135 18603 7299.45 38 38 86 86 926 443.73 0.349557820249556 0.420896386962788 15.3179719242328 14.1954403052572 10.7447650719475 5.51364041741357 12 9.98 5 2.11 73 31.19
"137" 136 18588 7168.11 38 38 85 85 923 437.85 0.349181559361363 0.422698725274005 15.3285993493747 14.1274140383403 10.7138797609233 5.45743420621597 12 9.88 5 2.07 73 30.78
"138" 137 18573 7088.59 38 38 84 84 922 433.28 0.34879680708257 0.422917781735655 15.3401714696697 14.1355712836067 10.6937871958154 5.44379662668955 12 9.9 5 2.08 73 30.79
"139" 138 18557 6966.93 38 38 83 83 921 426.74 0.347934149136063 0.424155769433551 15.3525356849801 14.1305192328886 10.6874543839983 5.37844332692509 12 9.81 5 2.08 72 30.37
"140" 139 18541 6898.43 38 38 82 82 914 422.1 0.34800004348453 0.424929175742686 15.3598543573362 14.0942732462962 10.6467749191022 5.33905693438965 12 9.78 5 2.06 72 30.11
"141" 140 18524 6838.42 38 38 81 81 910 417.99 0.347497344495896 0.424852668913197 15.3709014791836 14.1392439419311 10.6227399427692 5.30006521691474 12 9.75 5 2.06 72 29.93
"142" 141 18507 6775.21 38 37.98 80 80 908 412.43 0.347215577527354 0.425372488243185 15.3833372710737 14.1589975236631 10.5921801182389 5.23816317756839 12 9.73 5 2.03 72 29.59
"143" 142 18490 6672.99 38 37.98 79 79 905 406.55 0.347356438392214 0.427793617572806 15.3950828597982 14.0944709177577 10.5607568728082 5.17750982291986 12 9.73 5 2.05 72 29.19
"144" 143 18473 6600.32 38 37.98 78 78 899 401.8 0.347507322013616 0.42745673352304 15.403995108307 14.1323979805247 10.5150125628533 5.13554217584959 12 9.69 5 2.02 72 28.94
"145" 144 18455 6459.92 38 37.97 77 77 895 395.56 0.347693769433433 0.430321033271886 15.4155244629786 14.0364870500697 10.4687968186301 5.07871017088911 12 9.58 5 1.99 72 28.38
"146" 145 18435 6385.98 38 37.97 76 76 887 390.9 0.347864921786609 0.430184664934488 15.4238858214948 14.0692589620707 10.4185068045614 5.03431352442484 12 9.53 5 1.94 72 28.1
"147" 146 18414 6320.02 38 37.97 75 75 886 385.96 0.347169310711306 0.431746497294662 15.4403353491505 14.0595637133528 10.4017483724677 4.98206685169976 12 9.55 5 1.94 71 27.85
"148" 147 18392 6219.8 38 37.97 74 74 877 380.05 0.347315739372468 0.433301658799601 15.4482574631959 14.0767753726274 10.3569684299013 4.9187740859585 12 9.54 5 1.92 71 27.49
"149" 148 18370 6108.8 38 37.97 73 73 875 374.87 0.347032810558464 0.43554160280871 15.4648342615996 13.9915728717706 10.3193991718334 4.90054016860355 12 9.5 5 2.03 71 27.56
"150" 149 18346 5998.45 38 37.97 72 72 872 369.27 0.346750959487225 0.438098895343009 15.4811993472467 13.9555126765339 10.2686475808011 4.83463524848153 12 9.51 5 1.97 71 27.1
"151" 150 18321 5901.63 38 37.97 71 71 861 364.01 0.346854882109042 0.43834187927011 15.48758392823 13.989489506962 10.2161862856394 4.79488579065862 12 9.48 5 1.92 71 26.91
"152" 151 18296 5755.04 38 37.97 70 70 858 357.14 0.346605465664124 0.442701434396738 15.5053565239577 13.9017782387845 10.1780321816858 4.70889087174978 12 9.46 5 1.86 71 26.27
"153" 152 18271 5640.58 38 37.97 69 69 855 350.74 0.346403161914984 0.446574431789325 15.5236451748795 13.7885000639653 10.1413066691126 4.64360906771968 12 9.36 5 1.84 70 25.75
"154" 153 18245 5552.5 38 37.97 68 68 854 345.11 0.345006792131721 0.44750443297377 15.5443420657837 13.7749250478058 10.1416057407956 4.58715403855476 12 9.24 5 1.78 70 25.31
"155" 154 18217 5439.44 38 37.97 67 67 844 339.87 0.344976884237105 0.448726220753319 15.5538834241996 13.6817438763674 10.0910580424306 4.57169525130651 12 9.22 5 1.87 70 25.4
"156" 155 18188 5379.11 38 37.97 66 66 837 335.62 0.344769899107448 0.449660789472015 15.568817512004 13.6691859136683 10.0402980677599 4.52405626334915 12 9.18 5 1.85 70 25.06
"157" 156 18159 5322.42 38 37.96 65 65 830 331.38 0.344639747981147 0.45067359156587 15.5861712637768 13.6706946643346 9.98162640363363 4.48068862241423 12 9.13 5 1.82 70 24.76
"158" 157 18130 5217.71 38 37.96 64 64 822 326.69 0.344474115095065 0.451293319679214 15.5996785551059 13.5954017965948 9.92156828025242 4.44515764441548 12 9.02 5 1.75 69 24.34
"159" 158 18100 5160.92 38 37.96 63 63 816 322.33 0.343974305076206 0.452210426138865 15.6178856909248 13.5649167478365 9.87932200669582 4.40010146430223 12 8.93 5 1.74 69 23.94
"160" 159 18069 5046.9 38 37.96 62 62 807 316.84 0.343543111520472 0.455736642693125 15.6308581408037 13.5198413501491 9.83042939904091 4.32015186141383 12 8.91 5 1.71 69 23.34
"161" 160 18038 4893.62 38 37.95 61 61 805 310.85 0.342282890146755 0.461179464636212 15.6547892963438 13.3176289978063 9.7913946239886 4.26078357366265 12 8.86 5 1.7 69 22.91
"162" 161 18007 4806.44 38 37.94 60 60 801 305.45 0.3414361263853 0.464578447869024 15.6771874809169 13.3211834218229 9.74946591030624 4.1884942096288 12 8.83 5 1.65 69 22.32
"163" 162 17974 4728.48 38 37.94 59 59 791 300.56 0.341343800990578 0.465933911025197 15.6902614015596 13.3635400536977 9.69278070329383 4.12715592502625 12 8.8 5 1.61 68 22.03
"164" 163 17941 4619.72 38 37.94 58 58 783 294.37 0.341357959835015 0.46823100823163 15.7075905291013 13.2844017053496 9.62829098259354 4.06978949614012 12 8.71 5 1.58 68 21.66
"165" 164 17906 4550.86 38 37.94 57 57 779 289.21 0.340676593685976 0.470467924962478 15.7315981169417 13.2032619495648 9.58808409956732 4.02155754238954 12 8.65 5 1.6 68 21.32
"166" 165 17871 4431.38 38 37.92 56 56 770 283.64 0.340922873072218 0.473245168608883 15.7467026225667 13.0495597156666 9.52631562487392 3.97330378830173 12 8.49 5 1.57 68 20.74
"167" 166 17835 4392.99 38 37.92 55 55 763 279.64 0.340963018766419 0.472119068568081 15.7667145022589 13.1052304122722 9.47116991481332 3.93696435115296 12 8.46 5 1.56 67 20.51
"168" 167 17798 4344.68 38 37.9 54 54 756 275.03 0.34095443437744 0.471671625162446 15.7877802127764 13.1565336404951 9.41139729308401 3.89505368188986 12 8.43 5 1.55 67 20.27
"169" 168 17759 4232.8 38 37.89 53 53 739 269.23 0.341502511808487 0.474679216396383 15.7861293069276 13.0796787427608 9.33336689387182 3.85572136496413 12 8.4 5 1.56 67 20.04
"170" 169 17720 4183.16 38 37.88 52 52 738 265.36 0.340649061214263 0.475667504634879 15.8186721423097 13.0471117875997 9.2925350314747 3.81666781783624 12 8.34 5 1.56 67 19.71
"171" 170 17681 4045.41 38 37.87 51 51 731 259.1 0.3405455419191 0.478578524632938 15.8411203380479 12.9159985522377 9.21463534999291 3.76987245037618 12 8.24 5 1.53 66 19.39
"172" 171 17640 4020.14 38 37.87 50 50 730 255.2 0.338874593445365 0.479230124631217 15.8756150055002 12.9491589227054 9.18812515452036 3.72099230541101 12 8.19 5 1.49 66 19.17
"173" 172 17598 3969.68 38 37.87 49 49 720 250.72 0.339071286839702 0.480867921656073 15.891936886372 12.948391143055 9.10401611524663 3.66281273622802 12 8.12 5 1.45 66 18.87
"174" 173 17555 3858.94 38 37.83 48 48 708 244.67 0.338835826028711 0.484371525723031 15.9050026577711 12.7300579655043 9.0277186660771 3.62125863168031 12 7.94 4 1.49 66 18.4
"175" 174 17505 3750.61 38 37.82 47 47 697 238.55 0.33915900085139 0.489381397765996 15.922609397431 12.5211476135232 8.94020785290072 3.55292595278937 12 7.79 4 1.47 65 18.02
"176" 175 17452 3649.11 38 37.81 46 46 683 233.24 0.339305230694086 0.492123657987418 15.9317715138972 12.5723076500385 8.86075403014518 3.4985865598622 12 7.83 4 1.46 65 17.82
"177" 176 17399 3567.35 38 37.8 45 45 682 228.03 0.336975349151002 0.496774315202319 15.9772559607181 12.3704090622983 8.83352419298174 3.44534075235201 12 7.72 4 1.48 65 17.37
"178" 177 17344 3482.39 38 37.79 44 44 678 223.34 0.336342514594966 0.497057981705439 16.016563444435 12.4291598848927 8.7496886237313 3.39961080593085 12 7.75 4 1.47 64 17.18
"179" 178 17284 3426.2 38 37.78 43 43 662 218.16 0.336602927463387 0.501353693966207 16.0234471278737 12.3548008685121 8.65435836611827 3.33358926940061 12 7.66 4 1.44 64 16.72
"180" 179 17224 3387.19 38 37.74 42 42 655 213.68 0.336147861927773 0.502056789421095 16.0585439228947 12.4112378016954 8.54819655142088 3.27919106459084 12 7.61 4 1.41 63 16.42
"181" 180 17160 3318.92 38 37.72 41 41 637 208.43 0.336732852106389 0.5031432198671 16.0573660191338 12.4502654920172 8.42521891282802 3.22257203435096 12 7.59 4 1.37 63 16.14
"182" 181 17092 3218.44 38 37.72 40 40 632 203.17 0.335483521206621 0.505206004157795 16.1084054610171 12.4700706209581 8.34066917078062 3.16859346575911 12 7.5 4 1.33 62 15.79
"183" 182 17019 3152.66 38 37.67 39 39 625 197.78 0.334203849676721 0.506539674289954 16.1613534409863 12.4576321146854 8.24585500646617 3.10976634029076 12 7.47 4 1.3 62 15.4
"184" 183 16944 3048.76 38 37.65 38 38 615 192.57 0.333377784020165 0.509793614430112 16.204600155983 12.4203716930064 8.16001650146221 3.05490941980685 12 7.45 4 1.28 62 15.09
"185" 184 16865 2966 38 37.61 37 37 614 186.99 0.330694418023501 0.513563601166962 16.2758224158302 12.4356452899308 8.11405637242978 2.99610697304876 12 7.4 4 1.2 61 14.78
"186" 185 16786 2932.87 38 37.59 36 36 601 182.28 0.331849686629972 0.514574177265436 16.3023262180809 12.4767025767815 8.00075422794201 2.94706721040483 12 7.34 4 1.16 61 14.57
"187" 186 16706 2811.62 38 37.48 35 35 593 176.08 0.331790729918431 0.521321439932641 16.3527930735032 12.0872525388212 7.88164156312047 2.90480464283555 12 7.06 4 1.2 60 14.17
"188" 187 16625 2761.45 38 37.44 34 34 580 171.81 0.332602076954573 0.523018780741456 16.3812421622455 12.1811689629936 7.75291040024493 2.85301580787542 12 7.14 4 1.21 59 14.07
"189" 188 16543 2708.89 38 37.43 33 33 577 168.17 0.330840653120035 0.525899056611165 16.4487775482971 12.1115628408372 7.69497531808409 2.80729506365641 12 7.01 4 1.15 59 13.74
"190" 189 16459 2621.52 38 37.39 32 32 569 162.9 0.329260704859662 0.528650388621639 16.5054798547668 11.9932578869163 7.62750594162121 2.75545274136248 12 6.8 4 1.11 58 13.29
"191" 190 16372 2541.69 38 37.29 31 31 558 157.67 0.329721405238139 0.532736595525874 16.5463069974194 11.8475577243152 7.48928448700901 2.71081162989321 12 6.69 4 1.1 58 12.93
"192" 191 16274 2417.42 38 37.07 30 30 535 151.92 0.33069204002962 0.538294146528427 16.5261758127132 11.6749539837556 7.33431003967673 2.66263563442582 12 6.62 4 1.11 57 12.65
"193" 192 16173 2285.57 38 36.94 29 29 519 145.4 0.330605823726221 0.549004710811591 16.5583800245907 11.5114113189295 7.19328644420943 2.60223827295558 12 6.49 4 1.07 56 12.29
"194" 193 16066 2188.57 38 36.78 28 28 513 139.83 0.328125526561782 0.556861038387862 16.6516441523257 11.3851970686295 7.12243992540033 2.52887595490736 12 6.4 4 1 56 11.75
"195" 194 15959 2104.47 38 36.63 27 27 505 135.33 0.326661801716828 0.559135042801189 16.7251906050374 11.2979569992696 7.04909749170755 2.48307161314244 12 6.37 4 0.97 55 11.36
"196" 195 15852 2036.87 38 36.4 26 26 496 130.7 0.32441242887595 0.564854937593769 16.8081629170964 11.1681674028169 6.97105382960244 2.43380645531822 11 6.3 4 0.97 54 11.16
"197" 196 15744 1969.26 38 36.23 25 25 468 126.59 0.325774098685852 0.56831689807697 16.7547244188042 11.1120737031532 6.82232088870046 2.38881108230362 11 6.18 4 0.94 54 10.84
"198" 197 15633 1886.17 38 36.12 24 24 466 122.03 0.322264043747752 0.569894099794337 16.8659183101135 11.1558076725382 6.76760456547336 2.33240297292671 12 6.07 4 0.9 53 10.55
"199" 198 15520 1809.88 38 35.85 23 23 457 115.81 0.321230206832602 0.577042715281973 16.9417165427007 11.0994516574578 6.67176709907128 2.26073653826254 11 5.94 4 0.9 53 10.09
"200" 199 15405 1737.06 38 35.63 22 22 431 111.11 0.324562792174989 0.581508710239232 16.8907795566683 11.1116149351918 6.5156096250171 2.2098369688517 11 5.86 4 0.84 52 9.81
"201" 200 15290 1634.16 38 35.44 21 21 425 105.63 0.321287700462459 0.588852514964186 16.9978219925163 10.965950506796 6.44900405315932 2.14834865452432 11 5.71 4 0.79 51 9.43
"202" 201 15174 1548.67 38 34.8 20 20 404 99.2 0.324351914579146 0.595370868345956 16.9887360341036 10.8120617060683 6.29298686663797 2.10043493656275 11 5.55 4 0.79 50 9.34
"203" 202 15027 1497.78 38 34.15 19 19 395 94.62 0.322263928619614 0.600811971397848 17.0973732853999 10.6591181468057 6.23542274326741 2.04289817292159 11 5.39 4 0.77 50 8.87
"204" 203 14874 1426.46 38 33.67 18 18 385 89.65 0.322865503713632 0.612125980011391 17.2114699281069 10.4616263145511 6.08366725336797 1.99343849623429 11 5.28 4 0.76 49 8.58
"205" 204 14694 1396.18 38 33.36 17 17 381 85.74 0.320184797378564 0.612673742681886 17.376491858017 10.5180397351086 5.96160052829538 1.94614534609512 11 5.22 3 0.67 47 8.29
"206" 205 14511 1295.97 38 32.7 16 16 364 80.72 0.323161575298248 0.62089458131136 17.4458000351976 10.1929852492219 5.76333698724949 1.899977022449 11 4.99 3 0.65 46 7.86
"207" 206 14318 1256.58 38 32.35 15 15 361 77.33 0.308328478047138 0.622928226542712 17.6595902377402 10.3056565622253 5.78320143762261 1.85603472150663 11 4.99 3 0.61 46 7.76
"208" 207 14125 1196.96 38 31.77 14 14 346 72.24 0.30708111935412 0.633790347221419 17.8289893840078 10.2975958083728 5.6573844236906 1.77546368454047 11 4.91 3 0.58 45 7.34
"209" 208 13925 1133.05 38 30.93 13 13 325 67.67 0.310638642934513 0.645064785986148 17.8827955405274 10.23231596376 5.43469808768448 1.72105821464559 11 4.92 3 0.55 44 7.12
"210" 209 13667 1059.52 38 30 12 12 302 62.31 0.314797950854201 0.659890459828268 17.9935685244747 9.96434074816369 5.17776763831478 1.66472038342024 11 4.72 3 0.55 43 6.72
"211" 210 13397 907.01 38 29.05 11 11 292 56.34 0.303275062789916 0.679690278827757 18.3163147974471 9.45990738830414 5.11334840049996 1.60772241020549 11 4.51 3 0.58 43 6.48
"212" 211 12984 841.78 38 28.3 10 10 261 51.9 0.310532497257412 0.695096751750309 18.3139290701797 9.36360976920719 4.76711392827389 1.54216007000018 11 4.45 3 0.55 40 6.16
"213" 212 12502 739.08 38 27.06 9 9 248 46.25 0.302536196764351 0.713944846161558 18.770264913897 9.05321881052039 4.58736766211554 1.46794849838937 11 4.23 3 0.51 38 5.7
"214" 213 11725 663.25 38 25.95 8 8 233 41.84 0.290105532811079 0.734652092175248 19.6361258075133 8.81144727719027 4.33929554828285 1.40764945413925 12 4.11 3 0.46 38 5.33
"215" 214 10902 558.21 38 23.93 7 7 211 36.14 0.277197807586349 0.745732221276825 20.4370404693082 8.50464722352377 4.16170409716928 1.35929466084408 11 3.77 2 0.41 36 4.89
"216" 215 9868 448.26 38 21.58 6 6 184 30.47 0.268450174700818 0.767214160577046 21.1824119694488 7.99639704101617 3.8636093517798 1.29690585326621 11 3.37 2 0.37 33 4.35
"217" 216 8783 268.9 38 17.97 5 5 154 23.22 0.304757040736755 0.811640679356246 21.1302960107658 6.83349455425357 3.19118877241388 1.22697130668828 11 2.9 2 0.32 28 3.57
"218" 217 7411 213.57 38 15.39 4 4 118 18.64 0.375815589812541 0.824169369513816 20.0641860298868 6.55958553498205 2.48944908316523 1.17433161826524 11 2.54 1 0.23 21 3.09
"219" 218 5812 177.17 38 12.96 3 3 87 14.76 0.500799526527455 0.865920447863073 19.2328476349692 6.35820509075895 1.77076739425875 1.09230749351784 10 2.32 1 0.1 15 2.55
"220" 219 4189 122.42 37 8.72 2 2 57 9.21 0.823739044108498 0.879550479006351 18.0944886750585 5.02484745073322 1.14143283765422 1.04458744984042 9 1.6 0 0.05 9 1.7
"221" 220 0 0 0 0 0 0 0 0 0 0 0 0 0 0 0 0 0 0 0 0
"222" 221 0 0 0 0 0 0 0 0 0 0 0 0 0 0 0 0 0 0 0 0
