"Obj" "AbuOrd" "AbuRnd" "RowSpO" "RowSpR" "ColSpO" "ColSpR" "IntOrd" "IntRnd" "H2Ord" "H2Rnd" "GenOrd" "GenRnd" "VulOrd" "VulRnd" "50%rOrd" "50%rRnd" "50%cOrd" "50%cRnd" "50%intOrd" "50%intRnd"
"1" 0 956 956 76 76 121 121 186 186 0.863311706558715 0.863311706558715 1.57054914282565 1.57054914282565 2.70435458224835 2.70435458224835 8 8 12 12 15 15
"2" 1 955 947.59 76 75.73 120 120 185 184.48 0.863311706558715 0.863703624438575 1.57114657648306 1.56959353779028 2.69903993785757 2.69106624089326 8 7.86 12 11.74 15 14.95
"3" 2 954 938.81 75 75.49 119 119 184 182.89 0.863311706558715 0.863869316222986 1.57174526262193 1.56945150531477 2.70082090215301 2.67616506614578 8 7.78 12 11.52 15 14.8
"4" 3 953 931.32 75 75.09 118 118 183 181.32 0.863208626915601 0.864041007874551 1.57234520518502 1.56971010932871 2.67764497384518 2.66420489187684 8 7.75 12 11.29 15 14.7
"5" 4 952 925.02 75 74.75 117 117 182 179.89 0.863860082770307 0.864143668904596 1.57294640813164 1.5705604609412 2.6752055252883 2.65192503566569 8 7.71 12 11.08 15 14.55
"6" 5 951 916.39 75 74.39 116 116 181 178.26 0.864407975258694 0.86449774062878 1.57354887543777 1.57045259579355 2.65322165367 2.63757848382119 8 7.67 12 11.01 15 14.37
"7" 6 950 909.17 75 74.11 115 115 180 176.72 0.864333644681688 0.864852694505992 1.57415261109613 1.56927377569872 2.64979032378241 2.62417655765027 8 7.59 12 10.94 15 14.23
"8" 7 949 899.8 75 73.81 114 114 179 175.22 0.864986800367138 0.864733917644 1.57475761911625 1.57088917075388 2.64731381200557 2.61008682304651 8 7.59 12 10.9 15 14.12
"9" 8 948 892.08 75 73.41 113 113 178 173.58 0.864986800367138 0.86519220057054 1.5753639035246 1.57010572525676 2.64586682087645 2.59347987825269 8 7.58 12 10.8 15 13.96
"10" 9 947 885.88 75 73.07 112 112 177 172.03 0.865742475781914 0.865478664694623 1.57597146836465 1.56975601784184 2.6267391270136 2.58029622216548 8 7.56 11 10.74 15 13.87
"11" 10 946 879.46 74 72.79 111 111 176 170.46 0.865742475781914 0.865949739383296 1.57658031769696 1.56930199508532 2.62845872439945 2.5637995440867 8 7.52 11 10.65 15 13.73
"12" 11 945 870.99 74 72.45 110 110 175 168.91 0.865668780721941 0.866146303489278 1.57719045559928 1.56876143479953 2.61855225206479 2.55524396303689 8 7.43 11 10.58 15 13.61
"13" 12 944 864.22 74 72.2 109 109 174 167.52 0.866144214409534 0.866011252765428 1.57780188616665 1.5709197943409 2.61814817606062 2.5385588257833 8 7.43 11 10.48 15 13.53
"14" 13 943 855.82 74 71.93 108 108 173 165.82 0.866620170609678 0.866518099312821 1.57841461351147 1.56927439746885 2.61774324305539 2.52055270718763 8 7.36 11 10.35 15 13.36
"15" 14 942 848.75 74 71.57 107 107 172 164.24 0.866546836562633 0.866921387049262 1.57902864176361 1.56852715083733 2.61104651191332 2.50720168626541 8 7.36 11 10.29 15 13.25
"16" 15 941 841.8 73 71.18 106 106 171 162.73 0.866546836562633 0.867009304922599 1.57964397507048 1.56968094086965 2.61275856984309 2.4949630784815 8 7.32 11 10.19 15 13.08
"17" 16 940 831.23 72 70.79 105 105 170 161.13 0.866546836562633 0.867153853462572 1.58026061759715 1.56845842310543 2.61447427044931 2.48532920226055 8 7.23 11 10.09 15 12.99
"18" 17 939 824.94 72 70.43 104 104 169 159.69 0.867023537914019 0.867279571527872 1.58087857352643 1.56866233623453 2.6140636999173 2.47146095678583 8 7.2 11 10.01 15 12.87
"19" 18 938 816.04 72 70.07 103 103 168 158.11 0.867096650184225 0.867353477024078 1.58149784705898 1.56892087159042 2.60700996842583 2.46030695174645 8 7.19 11 9.86 15 12.73
"20" 19 937 807 71 69.72 102 102 167 156.58 0.866977980771643 0.867349782670094 1.58211844241336 1.5710370387293 2.6087250270901 2.44384970525114 8 7.22 11 9.77 15 12.66
"21" 20 936 799.11 71 69.29 101 101 166 155.04 0.867455345395329 0.867866936813175 1.5827403638262 1.56918406858156 2.59976674625685 2.43407239974472 8 7.16 11 9.7 15 12.53
"22" 21 935 791.36 70 68.9 100 100 165 153.56 0.867455345395329 0.867924654980921 1.58336361555221 1.56968783674825 2.60147772673413 2.42196469562825 8 7.11 11 9.58 14 12.41
"23" 22 934 783.51 69 68.5 99 99 164 152.09 0.867455345395329 0.868001560468591 1.58398820186437 1.57008033236719 2.60319237098117 2.41165412248316 8 7.06 11 9.5 14 12.32
"24" 23 933 776.93 69 68.19 98 98 163 150.66 0.867782394686555 0.868330144399594 1.58461412705393 1.56955979993601 2.59266551112505 2.39842611965032 8 7.05 11 9.41 14 12.22
"25" 24 932 770.34 69 67.86 97 97 162 149.21 0.868333934802394 0.86858192872322 1.5852413954306 1.56952437502221 2.57865472336835 2.38544520959241 8 7.02 11 9.33 14 12.12
"26" 25 931 763.24 69 67.53 96 96 161 147.78 0.868813120091291 0.868678181417728 1.58587001132258 1.5710458330296 2.57050413208623 2.37494938515878 8 6.98 11 9.16 14 11.96
"27" 26 930 755.04 69 67.17 95 95 160 146.25 0.869901720098902 0.868741588552028 1.58649997907669 1.5714411381733 2.553619035755 2.36683636309265 8 6.91 11 9.14 14 11.88
"28" 27 929 748.58 69 66.84 94 94 159 144.8 0.870382943604334 0.868999816920175 1.58713130305847 1.5719706770343 2.54888764157525 2.34923477520959 8 6.89 11 9.06 14 11.74
"29" 28 928 740.78 68 66.56 93 93 158 143.19 0.870382943604334 0.869896887023974 1.58776398765228 1.57033951377997 2.55055670153384 2.32891265984969 8 6.82 11 8.95 14 11.59
"30" 29 927 728.07 68 66.23 92 92 157 141.53 0.870284101103403 0.869778973967621 1.5883980372614 1.5710817022358 2.54354522754951 2.30847379684809 8 6.84 11 8.87 14 11.47
"31" 30 926 720.66 68 65.91 91 91 156 140 0.870766170149361 0.870106680736927 1.58903345630812 1.57140722699369 2.5430522958298 2.29599655110297 8 6.78 11 8.77 14 11.32
"32" 31 925 711.79 68 65.57 90 90 155 138.4 0.871177376383019 0.870806339725906 1.58967024923386 1.56973429511086 2.52830677500958 2.28538845368958 8 6.7 11 8.68 14 11.22
"33" 32 924 702.51 68 65.16 89 89 154 136.78 0.871177376383019 0.871305427042393 1.59030842049926 1.56795718336188 2.52626473093569 2.27156192431867 8 6.7 11 8.62 14 11.14
"34" 33 923 695.28 67 64.69 88 88 153 135.27 0.871177376383019 0.871832817905287 1.59094797458431 1.56782177330199 2.52791832219347 2.25771375472874 7 6.67 11 8.43 14 10.99
"35" 34 922 685.61 67 64.2 87 87 152 133.55 0.87127570139328 0.872225090053574 1.59158891598842 1.56562470763965 2.51327653409537 2.24449326232107 8 6.57 11 8.35 14 10.82
"36" 35 921 674.85 67 63.8 86 86 151 132.14 0.87127570139328 0.871916555146664 1.59223124923053 1.56802756897186 2.49967354076494 2.23990186354469 8 6.53 11 8.28 14 10.7
"37" 36 919 669.24 67 63.53 85 85 150 130.73 0.871660743475557 0.872392323400338 1.59352010940296 1.56935965588005 2.48008608065674 2.22345532670129 8 6.52 11 8.21 14 10.64
"38" 37 917 662.61 66 63.15 84 84 148 129.26 0.871321260863711 0.872314531804254 1.59263356656632 1.5708744484868 2.47251734886301 2.20618159519282 7 6.5 11 8.07 14 10.47
"39" 38 915 655.41 66 62.75 83 83 147 127.73 0.870764949707289 0.872577681018482 1.59392894048232 1.57111815804713 2.46371870160676 2.18768771022068 7 6.43 11 7.94 14 10.35
"40" 39 913 647.36 66 62.37 82 82 146 126.16 0.873804289358249 0.873137520326915 1.59522998964 1.57093227953365 2.45117922630767 2.17006709618854 7 6.42 11 7.86 14 10.21
"41" 40 911 639.75 65 61.98 81 81 144 124.57 0.874292677817311 0.873564731906735 1.59434136173581 1.57052623261078 2.45216974052569 2.15758197634453 7 6.37 11 7.83 14 10.17
"42" 41 909 628.97 64 61.46 80 80 143 122.85 0.874081542020397 0.87393018172136 1.5956490434998 1.56893393657814 2.45536483346414 2.14157413983073 7 6.36 11 7.72 14 10.04
"43" 42 907 622.3 64 61.16 79 79 141 121.32 0.874711546887206 0.874890904102065 1.59475742066298 1.5694873245194 2.43277621485976 2.1217764217431 7 6.33 11 7.62 14 9.91
"44" 43 905 616.91 64 60.78 78 78 140 119.89 0.874151999379708 0.875352608697405 1.59607180170312 1.57074558078793 2.42715085224111 2.10876027492525 7 6.33 11 7.52 14 9.79
"45" 44 903 608.1 64 60.34 77 77 138 118.36 0.875412579524251 0.875349273987298 1.59517716560501 1.57314461771982 2.40685670660108 2.09042733100267 7 6.3 11 7.39 14 9.67
"46" 45 901 601.27 64 59.92 76 76 136 116.9 0.876159225729169 0.875820874888726 1.59427855775951 1.57329944121642 2.39693308255632 2.07532841396217 7 6.2 11 7.31 14 9.51
"47" 46 899 593.61 63 59.55 75 75 134 115.48 0.876767671699282 0.876982962448421 1.59337595165887 1.57276502741417 2.39495544361866 2.05806542125665 7 6.14 11 7.15 14 9.35
"48" 47 897 584.64 62 59.06 74 74 133 113.82 0.876698400206933 0.877837593494342 1.59469897496245 1.57075473027539 2.39806571216631 2.04465819334203 7 6.04 10 7.05 14 9.15
"49" 48 895 575.04 62 58.55 73 73 132 112.33 0.877594663054467 0.877802280807919 1.59602791121935 1.57133398235257 2.37332786715669 2.0356717265732 7 6.02 10 6.95 13 9.03
"50" 49 893 566.77 62 58.14 72 72 131 110.79 0.877924482120781 0.878510908568262 1.59736280015825 1.5704944335623 2.36744506282781 2.02039107856947 7 5.99 10 6.87 13 8.97
"51" 50 891 556.84 62 57.65 71 71 130 109.24 0.8788794840416 0.878734535201789 1.59870368186456 1.57053159687455 2.33328337493615 2.01037928578802 7 5.89 10 6.72 13 8.82
"52" 51 889 549.15 62 57.3 70 70 129 107.75 0.880182043877416 0.879219613527554 1.60005059678439 1.57207846887581 2.32574872516197 1.99441018128142 7 5.78 10 6.62 13 8.72
"53" 52 887 541.77 62 56.97 69 69 128 106.33 0.881235209786062 0.879359165425263 1.60140358572866 1.57474899005281 2.31185693337634 1.98461968091024 7 5.71 10 6.56 13 8.62
"54" 53 885 534.93 61 56.54 68 68 127 104.87 0.881167790337131 0.880279282114434 1.6027626898772 1.57438368123342 2.31482158181335 1.97254311850351 7 5.67 10 6.49 13 8.5
"55" 54 883 528.55 61 55.95 67 67 125 103.29 0.882047184687248 0.881519676974431 1.60186294512041 1.57280874820297 2.30373154436146 1.95768704096323 7 5.68 10 6.39 13 8.39
"56" 55 881 519.77 61 55.48 66 66 123 101.82 0.884777224745985 0.881223526563779 1.60095911525689 1.57648376493224 2.29285649744579 1.93843750593865 7 5.64 10 6.32 13 8.29
"57" 56 879 513.8 59 54.97 65 65 121 100.22 0.885281183320219 0.882068249094408 1.60005117240196 1.57574238190817 2.29579815045477 1.92062312837897 7 5.63 10 6.22 13 8.16
"58" 57 877 507.27 59 54.52 64 64 119 98.61 0.886602021822839 0.883785186849932 1.59913908841656 1.57363835610715 2.27784878843536 1.90459293052723 7 5.55 10 6.07 13 7.98
"59" 58 875 499.83 59 54.19 63 63 118 97.21 0.887235245622787 0.884841921819689 1.60050854919008 1.57419801613177 2.27771856312375 1.88814101170887 7 5.45 10 5.99 13 7.91
"60" 59 873 490.37 59 53.71 62 62 117 95.69 0.887870192741848 0.885571461443203 1.60188428469796 1.57363862472229 2.253875339055 1.87547652151396 7 5.41 10 5.96 13 7.84
"61" 60 870 482.27 59 53.31 61 61 115 94.11 0.889052747196814 0.886394923210964 1.60089119059401 1.57365842095488 2.2307848198069 1.8599170234609 7 5.4 10 5.89 13 7.72
"62" 61 867 475.35 59 52.87 60 60 114 92.69 0.8903107584462 0.887530495139671 1.60297039886597 1.57557519347749 2.22601578121401 1.84357611431939 7 5.44 10 5.82 13 7.68
"63" 62 864 467.89 57 52.33 59 59 112 91.18 0.890184102397386 0.888020772426269 1.60197417950494 1.577441878877 2.23027278045434 1.82945373739819 7 5.4 10 5.72 13 7.51
"64" 63 861 458.58 57 51.91 58 58 110 89.64 0.890184102397386 0.888659130122566 1.60097101784871 1.57889407797672 2.20922958549605 1.81577245050519 7 5.33 10 5.65 13 7.39
"65" 64 858 449.6 57 51.39 57 57 108 88.09 0.89181132935145 0.889335070037523 1.599960841076 1.58069361193965 2.20220751549582 1.80692771114393 7 5.2 10 5.48 13 7.24
"66" 65 855 443.42 56 50.91 56 56 107 86.49 0.891434228611472 0.891305785692137 1.60206596683417 1.57751653778229 2.20642578748001 1.78961037521913 7 5.11 10 5.37 12 7.14
"67" 66 852 436.22 55 50.44 55 55 106 85 0.89107005500048 0.892883274516678 1.60418591742161 1.57819617218006 2.21067376560494 1.7695193462522 7 5.1 10 5.26 12 6.99
"68" 67 849 429 54 49.77 54 54 105 83.46 0.8906636209969 0.892905505584633 1.606320849992 1.57929645523315 2.21495176477669 1.75514281615898 7 5.04 10 5.15 12 6.92
"69" 68 846 421.02 54 49.36 53 53 104 82.14 0.889768908769623 0.893339282622102 1.60847092392815 1.58278490482766 2.17957777426547 1.74300161585948 7 4.96 9 5.05 12 6.77
"70" 69 843 412.51 54 48.71 52 52 103 80.49 0.890320347495809 0.894713097675177 1.61063630088163 1.58395640300276 2.16682585078185 1.72844061908669 7 4.87 9 4.98 12 6.68
"71" 70 840 403.96 54 48.02 51 51 101 78.81 0.892722777802161 0.895310755249041 1.60963899633177 1.58479474254233 2.15198231829905 1.71790638111184 7 4.83 9 4.92 12 6.56
"72" 71 837 395.57 53 47.42 50 50 100 77.27 0.892329759452887 0.895891422287259 1.61182408234013 1.58480991384919 2.15611128718185 1.70678901983467 7 4.72 9 4.82 12 6.41
"73" 72 833 387.04 53 46.85 49 49 98 75.63 0.896242108149788 0.897101504738131 1.6111376896954 1.58344395217046 2.12388275348885 1.69165074697698 7 4.68 9 4.69 12 6.34
"74" 73 829 377.05 53 46.18 48 48 97 73.99 0.899085723262508 0.897425499501964 1.61408648433808 1.58456218019044 2.1117223370596 1.67987056243177 7 4.53 9 4.61 12 6.17
"75" 74 825 366.34 52 45.67 47 47 96 72.41 0.898521593025998 0.898460800992169 1.61706387335306 1.58622746679495 2.11711250596655 1.65919312530452 7 4.53 9 4.55 12 6.11
"76" 75 821 357.55 52 44.98 46 46 95 70.86 0.899740128876465 0.899319748257713 1.62007027468486 1.58978573462913 2.09383132843463 1.64710691864134 7 4.45 9 4.4 12 5.97
"77" 76 817 350.69 52 44.38 45 45 94 69.38 0.900193172633781 0.900429691558169 1.623106114463 1.590626050349 2.09521248005202 1.63236909620678 7 4.42 9 4.32 12 5.82
"78" 77 812 342.94 52 43.74 44 44 93 67.78 0.900463930779728 0.9016530837392 1.62694297477373 1.59206091786219 2.08151598439874 1.61447999849134 7 4.31 9 4.19 12 5.69
"79" 78 807 336.05 52 43.05 43 43 91 66.22 0.904674865999915 0.903457035119024 1.62487860842036 1.59161692301935 2.0688157060125 1.6010483619665 7 4.26 9 4.12 11 5.51
"80" 79 802 325.89 51 42.24 42 42 88 64.64 0.905203506152583 0.903294082081013 1.61888402811214 1.58907690066997 2.04877343789971 1.59866077536136 7 4.19 9 4.01 11 5.45
"81" 80 797 319.76 51 41.54 41 41 87 63.06 0.91091552823058 0.904573591255722 1.6227666129811 1.58713607279211 1.99181683187521 1.58626550124376 7 4.1 9 3.91 11 5.31
"82" 81 792 313.28 51 40.96 40 40 86 61.58 0.912628149291724 0.905756146876965 1.62669822038629 1.58916621579425 1.9502769160728 1.57217390906611 7 4.07 9 3.78 11 5.22
"83" 82 787 305.41 50 40.29 39 39 85 60.03 0.911971180123682 0.907475728101851 1.63067978468353 1.58773528315258 1.95631425353197 1.55748036804158 7 3.98 8 3.64 11 5.11
"84" 83 782 296.97 49 39.62 38 38 83 58.46 0.911437668860754 0.908163127536526 1.63056018683326 1.59004128700152 1.94788238992401 1.54018832617844 6 3.94 8 3.57 11 4.94
"85" 84 777 290.58 48 38.86 37 37 81 56.78 0.911863055595671 0.909846788168422 1.63043904975711 1.5871297616076 1.94980322326672 1.5255226483373 6 3.8 8 3.48 11 4.78
"86" 85 772 283.61 44 38.15 36 36 77 55.27 0.91146033096213 0.911448931968241 1.61645684531075 1.58915486588398 1.95595479854695 1.50543504581836 6 3.71 8 3.39 11 4.68
"87" 86 766 275.58 43 37.46 35 35 75 53.87 0.9133202979713 0.911744619699647 1.61682706146294 1.58999905068824 1.95183825287627 1.49944290876782 6 3.55 8 3.29 10 4.46
"88" 87 760 268.15 43 36.79 34 34 74 52.4 0.916651673155592 0.91398277410331 1.62169674879028 1.59004763890239 1.89921815935654 1.48199963810779 6 3.45 8 3.22 10 4.37
"89" 88 754 260.49 42 36.06 33 33 72 50.78 0.917084556768072 0.917134045670187 1.62211455382139 1.58388908922411 1.86485302901981 1.46385397285311 6 3.36 8 3.13 10 4.22
"90" 89 748 253.59 39 35.28 32 32 68 49.3 0.917997280725109 0.918480049833236 1.60480721214334 1.58651543251428 1.86655312611456 1.45079292057382 6 3.3 8 3.03 10 4.15
"91" 90 742 247.35 37 34.59 31 31 66 47.89 0.917875531033573 0.92068678222953 1.60509520105651 1.58960292677491 1.87356029425026 1.43780865108474 6 3.23 8 2.93 10 4.03
"92" 91 735 240.79 37 33.8 30 30 62 46.43 0.923961515820056 0.922369721533885 1.58622954747556 1.58332562387257 1.82170898937076 1.42362008898447 6 3.16 8 2.9 10 3.9
"93" 92 728 233.38 36 32.99 29 29 61 44.92 0.922888504166717 0.924543652425481 1.59186637004744 1.58318580838078 1.82961003734548 1.40582154304323 6 3.04 7 2.78 10 3.83
"94" 93 721 224.25 36 32.18 28 28 59 43.27 0.919155910051408 0.925916994684095 1.5926903827103 1.58153196471489 1.80072354214698 1.3868318097926 6 2.97 7 2.69 9 3.7
"95" 94 714 216.73 34 31.21 27 27 57 41.78 0.918066255360411 0.926944462763102 1.59047196968145 1.58282857208196 1.80857377295235 1.37980669338191 6 2.91 7 2.56 9 3.52
"96" 95 706 208.64 34 30.35 26 26 54 40.3 0.919815544103424 0.927134651769839 1.57847333898592 1.58614746804529 1.71446733643193 1.36399532701922 6 2.84 7 2.5 9 3.4
"97" 96 698 200.44 33 29.33 25 25 53 38.59 0.91838709141168 0.928665862361029 1.58510340590839 1.57887326839404 1.72265607381224 1.3494636869876 6 2.77 7 2.43 9 3.3
"98" 97 689 193.3 32 28.38 24 24 51 37.11 0.91690118257256 0.929433949851353 1.58362304530893 1.57824689583807 1.66848372020566 1.3375542059722 6 2.65 7 2.35 9 3.14
"99" 98 678 184.06 32 27.52 23 23 49 35.55 0.917098044553893 0.932092700271781 1.58731391249351 1.58419555549093 1.61350641447871 1.31898824355613 6 2.53 7 2.24 9 2.99
"100" 99 667 176.33 32 26.55 22 22 48 33.95 0.912803471841392 0.934076979240368 1.59699974913134 1.5798711932987 1.55988761777204 1.29877322911605 6 2.44 6 2.09 8 2.88
"101" 100 653 167.18 32 25.63 21 21 47 32.47 0.920200977665645 0.936345837162859 1.60979913119541 1.58032385828132 1.52144126003762 1.28895983967774 6 2.37 6 1.98 8 2.79
"102" 101 637 156.3 30 24.62 20 20 44 30.74 0.921465525970944 0.938563892398066 1.59260048968608 1.56995094586173 1.52268449977572 1.26212684454871 5 2.21 6 1.85 8 2.59
"103" 102 621 147.38 28 23.61 19 19 41 29.23 0.938076950149427 0.938854584345405 1.57757073107202 1.57494350307155 1.48046062244058 1.25560385395888 5 2.11 6 1.8 7 2.46
"104" 103 603 141.79 28 22.59 18 18 39 27.66 0.951891234964768 0.941338146880372 1.57782082503792 1.57434623247791 1.43057142549847 1.2414403056326 5 2.02 5 1.67 7 2.35
"105" 104 585 134.27 28 21.67 17 17 38 26.23 0.94934282548958 0.946295760528112 1.59559992734678 1.57984977803158 1.43068659795956 1.21987530310915 5 1.97 5 1.58 7 2.23
"106" 105 565 125.32 27 20.57 16 16 37 24.61 0.945236123412921 0.952409898184953 1.61668311061569 1.57801748390074 1.44593214125016 1.20294281036026 4 1.91 5 1.5 6 2.12
"107" 106 543 116.66 27 19.32 15 15 36 22.99 0.945883760171568 0.953087637178183 1.64166843001449 1.55089844447676 1.44949818318778 1.19699779410457 4 1.83 5 1.43 6 2.01
"108" 107 521 109.62 26 18.32 14 14 35 21.47 0.936524408269216 0.954182225004454 1.66876383396903 1.55048588456638 1.46847891261221 1.18217345026538 4 1.71 4 1.36 5 1.9
"109" 108 498 100.24 24 17.18 13 13 33 19.86 0.930228950117753 0.954867328966288 1.67781117377946 1.55731312951457 1.49011548889751 1.17374049551192 3 1.62 4 1.21 5 1.78
"110" 109 474 92.02 23 15.96 12 12 32 18.33 0.922976148202277 0.955160984257154 1.71213072688222 1.5501286985402 1.51493146301891 1.16175125417344 3 1.45 4 1.09 5 1.61
"111" 110 449 83.83 23 14.7 11 11 31 16.72 0.917939968890688 0.956589231250913 1.7517816582231 1.53680865187365 1.5254303387821 1.13771681877019 2 1.4 3 1.06 4 1.52
"112" 111 424 76.97 23 13.56 10 10 30 15.21 0.948450664748282 0.96062862916325 1.79610840693908 1.5375488318298 1.41882326251946 1.12364676573197 3 1.31 3 0.91 4 1.39
"113" 112 396 68.39 21 12.42 9 9 26 13.77 0.980660621911225 0.95985570380335 1.70031580718647 1.54271820490346 1.37001479335758 1.1136405061154 2 1.21 3 0.85 3 1.31
"114" 113 367 60.93 18 11.11 8 8 21 12.2 1 0.959707579848687 1.59562960718913 1.54284488608645 1.34125698419098 1.10886791196136 2 1.11 3 0.77 3 1.19
"115" 114 336 52.87 14 9.87 7 7 16 10.67 1 NA 1.45510396652066 1.5406837949541 1.33861831558019 1.08764522539097 2 0.96 2 0.6 3 1.02
"116" 115 302 45.61 11 8.43 6 6 13 9.01 1 NA 1.38575805248182 1.49243062794665 1.37674090740048 1.08117632910519 1 0.78 2 0.48 2 0.83
"117" 116 268 38.41 10 7.05 5 5 11 7.52 1 NA 1.4028899534778 1.46293738083691 1.4066270173465 1.07432047635278 1 0.72 2 0.47 2 0.75
"118" 117 0 0 0 0 0 0 0 0 0 0 0 0 0 0 0 0 0 0 0 0
"119" 118 0 0 0 0 0 0 0 0 0 0 0 0 0 0 0 0 0 0 0 0
"120" 119 0 0 0 0 0 0 0 0 0 0 0 0 0 0 0 0 0 0 0 0
"121" 120 0 0 0 0 0 0 0 0 0 0 0 0 0 0 0 0 0 0 0 0
"122" 121 0 0 0 0 0 0 0 0 0 0 0 0 0 0 0 0 0 0 0 0
