"Obj" "AbuOrd" "AbuRnd" "RowSpO" "RowSpR" "ColSpO" "ColSpR" "IntOrd" "IntRnd" "H2Ord" "H2Rnd" "GenOrd" "GenRnd" "VulOrd" "VulRnd" "50%rOrd" "50%rRnd" "50%cOrd" "50%cRnd" "50%intOrd" "50%intRnd"
"1" 0 956 956 76 76 121 121 186 186 0.863311706558715 0.863311706558715 1.57054914282565 1.57054914282565 2.70435458224835 2.70435458224835 8 8 12 12 15 15
"2" 1 955 949.16 76 75.85 120 120.66 185 185 0.863311706558715 0.864014811812141 1.57114657648306 1.56739770660289 2.69903993785757 2.69885892674317 8 7.97 12 11.9 15 15.04
"3" 2 954 944 76 75.7 120 120.25 184 184 0.863784254208187 0.864703141232312 1.56964882656323 1.56384728715374 2.69044281073146 2.69149856034214 8 7.85 12 11.77 15 15.05
"4" 3 953 939.55 75 75.48 119 119.83 183 183 0.863681474653951 0.865555627407218 1.57024656929834 1.56020258397472 2.69221662270495 2.68353266816745 8 7.85 12 11.71 15 14.91
"5" 4 952 934.89 74 75.28 118 119.37 182 182 0.86353196595062 0.866192082893991 1.5708455677955 1.55746123529619 2.69399416117418 2.67652768900105 8 7.81 12 11.52 15 14.77
"6" 5 951 928.89 74 75.09 118 118.96 181 181 0.864184738774392 0.867297566145585 1.56863862861913 1.55323996259907 2.69367238847299 2.66609321374037 8 7.72 12 11.38 15 14.6
"7" 6 950 922.54 74 74.9 118 118.54 180 180 0.865036421582683 0.867854968504356 1.56564229507106 1.5509153488377 2.68945930980513 2.65840971757244 8 7.66 12 11.31 15 14.46
"8" 7 949 917.04 74 74.72 118 118.09 179 179 0.865691888352462 0.86853842113629 1.56342522191041 1.54825893767331 2.68702459885656 2.64889172839842 8 7.61 12 11.22 15 14.37
"9" 8 948 912.33 74 74.53 117 117.66 178 178 0.865839492004246 0.869088872382782 1.56401955231327 1.54521886429484 2.66371188157738 2.63856046934241 8 7.55 12 11.19 15 14.3
"10" 9 947 907.53 74 74.35 116 117.29 177 177 0.866315529282079 0.870011554318264 1.56461513790177 1.54086094695113 2.66335677268781 2.63285470769994 8 7.52 11 11.19 15 14.23
"11" 10 946 902.83 74 74.12 115 116.75 176 176 0.866865327809669 0.870620286290605 1.56521198265643 1.53829080666294 2.64124418213643 2.62381806468569 8 7.5 11 11.09 15 14.16
"12" 11 945 898.38 74 73.86 114 116.29 175 175 0.866792090297051 0.871647542288489 1.56581009057458 1.53379096234452 2.6377820224912 2.61308468466288 8 7.46 11 11.08 15 14.08
"13" 12 944 893.62 74 73.69 113 115.88 174 174 0.866792090297051 0.872462754287559 1.56640946567053 1.53034111682106 2.63527967293875 2.60747160111369 8 7.41 11 11.06 15 14.01
"14" 13 943 887.91 74 73.47 113 115.45 173 173 0.867927195095644 0.873031386662861 1.56417909954237 1.52708914896308 2.6315303501279 2.59880150480887 8 7.38 11 11.05 15 13.93
"15" 14 942 883.31 74 73.24 112 114.96 172 172 0.867854406480731 0.873804836757802 1.56477801578392 1.52413066368197 2.63005738722738 2.58637866518732 8 7.37 11 10.99 15 13.81
"16" 15 941 878.75 74 73.02 112 114.6 171 171 0.868631163562962 0.874715783886861 1.56216985065467 1.51972811723175 2.62770733675194 2.57716040099241 8 7.32 11 10.92 15 13.69
"17" 16 940 872.66 74 72.81 112 114.14 170 170 0.86911058077786 0.874933811263755 1.56064024411281 1.51849481411348 2.62731128072721 2.5700084750733 8 7.3 11 10.85 15 13.61
"18" 17 939 867.5 73 72.61 111 113.68 169 169 0.869110580777859 0.87565280988799 1.56123730507566 1.51582773345468 2.62904430658528 2.560471685856 8 7.33 11 10.77 15 13.56
"19" 18 938 862.47 73 72.31 111 113.2 168 168 0.870055878040554 0.876154342421052 1.55507932275897 1.51366377676192 2.62075205636029 2.55179996521168 8 7.3 11 10.72 15 13.5
"20" 19 937 857.35 73 72.12 110 112.7 167 167 0.870137196408684 0.876586275283655 1.55567172331687 1.51168124155086 2.60139342151222 2.53917986709943 8 7.33 11 10.69 15 13.37
"21" 20 936 852.77 72 71.9 109 112.21 166 166 0.870137196408684 0.877108314582879 1.55626538968794 1.50929100831203 2.60310431191982 2.53105449737168 8 7.27 11 10.68 15 13.3
"22" 21 935 848.48 72 71.73 108 111.81 165 165 0.870137196408684 0.878116537914045 1.55686032593359 1.50535794621673 2.5930647709907 2.51710931074292 8 7.3 11 10.6 14 13.21
"23" 22 934 842.6 72 71.54 108 111.36 164 164 0.871488102052482 0.878365039090047 1.55219638083622 1.50509931032421 2.59262908016735 2.50662687941388 8 7.3 11 10.54 14 13.16
"24" 23 933 834.78 72 71.3 108 111.04 163 163 0.872195679702027 0.879078465031269 1.54955236687955 1.50053772355797 2.57140080829069 2.5028012388191 8 7.27 11 10.52 14 13.05
"25" 24 932 829.35 72 71.08 108 110.55 162 162 0.873198083282117 0.879412554002868 1.54198196582961 1.49895078144075 2.5532260554102 2.49527702460741 8 7.29 11 10.49 14 12.96
"26" 25 931 824.65 72 70.87 108 110.1 161 161 0.874144128035014 0.880331620874627 1.53644585932358 1.49489096639368 2.54262291195013 2.48537493527778 8 7.28 11 10.44 14 12.94
"27" 26 930 819.79 72 70.65 108 109.64 160 160 0.875429904901154 0.881267351639306 1.53487214519382 1.49161073832908 2.52251991923373 2.47796176896324 8 7.23 11 10.41 14 12.88
"28" 27 929 815.49 71 70.38 107 109.21 159 159 0.875429904901154 0.881730265487208 1.53544789561922 1.48874425082527 2.52415879966348 2.46996545448223 8 7.22 11 10.38 14 12.76
"29" 28 928 810 70 70.12 106 108.75 158 158 0.875360511300583 0.882348430602006 1.53602488688605 1.48550328576601 2.52580121216311 2.46236367851739 8 7.19 11 10.29 14 12.67
"30" 29 927 803.88 70 69.85 105 108.32 157 157 0.87575302453821 0.882711276884263 1.53660312300999 1.48350738805491 2.52528967086016 2.45078942041589 8 7.18 11 10.24 14 12.59
"31" 30 926 798.15 70 69.57 105 107.91 156 156 0.878242469704876 0.883750331742318 1.5342996223604 1.47949209243132 2.5176999001651 2.44206431887228 8 7.14 11 10.13 14 12.5
"32" 31 925 793.12 70 69.33 104 107.45 155 155 0.878242469704876 0.884818770991399 1.53487724357376 1.47410155370305 2.51077193899892 2.43615241138756 8 7.1 11 10.09 14 12.45
"33" 32 924 787.92 70 69.07 104 106.97 154 154 0.879987193753934 0.885649360542711 1.52267520794747 1.47012851174973 2.50889298607324 2.42659554910393 8 7.09 11 10.04 14 12.36
"34" 33 923 782.19 70 68.77 104 106.52 153 153 0.882107827041837 0.886721153051245 1.51169625877687 1.46493233473273 2.50836090913507 2.41837608467794 7 7.05 11 10.02 14 12.3
"35" 34 922 777.01 70 68.59 104 106.03 152 152 0.882602576680098 0.887595131435881 1.51008204647619 1.461469116647 2.49124558102439 2.4075526933114 8 7.01 11 9.96 14 12.23
"36" 35 921 772.46 70 68.36 103 105.51 151 151 0.882602576680098 0.888478871345707 1.51063588148865 1.45834578257272 2.48996610312699 2.39803413148427 7 7 11 9.91 14 12.07
"37" 36 920 767.86 70 68.12 103 105 150 150 0.88309788161231 0.889119303235082 1.50901700744679 1.45620797917164 2.48521156563814 2.38948726557495 7 6.99 11 9.84 14 11.98
"38" 37 919 762.96 70 67.85 102 104.53 149 149 0.883097881612309 0.890197404618042 1.50957088884771 1.45104820749857 2.47756982171044 2.37976122173689 7 6.96 11 9.77 14 11.87
"39" 38 918 757.93 69 67.62 102 104.13 148 148 0.883097881612309 0.891292322216706 1.50794732772445 1.44618876715014 2.47917937489313 2.3710087435113 7 6.9 11 9.69 14 11.81
"40" 39 917 753.3 69 67.35 101 103.67 147 147 0.883097881612309 0.892068328900871 1.50850125065545 1.44316202585694 2.47580687304451 2.36252470670941 7 6.87 11 9.64 14 11.71
"41" 40 916 747.16 68 67.2 100 103.2 146 146 0.88309788161231 0.892998876816279 1.50905638302516 1.4388651256071 2.47741801591902 2.35025977836893 7 6.82 11 9.58 14 11.61
"42" 41 915 741.9 67 67.01 99 102.63 145 145 0.88309788161231 0.893551062602473 1.50961272879896 1.43645955614806 2.47903268041729 2.34079133481662 7 6.77 11 9.53 14 11.56
"43" 42 914 737 67 66.74 98 102.22 144 144 0.883593742773868 0.894510233637038 1.51017029195957 1.43155693363955 2.47846269429083 2.33530205651413 7 6.76 11 9.51 14 11.47
"44" 43 913 731.26 67 66.52 98 101.72 143 143 0.884713640262434 0.895043881482473 1.50144725343079 1.42813417709486 2.47249858742523 2.3292687132801 7 6.7 11 9.43 14 11.35
"45" 44 912 726.34 66 66.34 98 101.23 142 142 0.886072104487808 0.895601598275895 1.49561805575546 1.4253131842505 2.47411316920969 2.31892571049411 7 6.61 11 9.38 14 11.28
"46" 45 911 723.08 65 66.07 98 100.7 141 141 0.886072104487808 0.896446124517864 1.49027406414202 1.42082958543864 2.47573129563034 2.31106598390971 7 6.59 11 9.35 14 11.2
"47" 46 910 718.26 65 65.88 98 100.22 140 140 0.887216178013246 0.897147983550035 1.48650794163311 1.41867137317758 2.46125328639435 2.3006105019405 7 6.62 11 9.32 14 11.1
"48" 47 909 712.72 65 65.6 98 99.74 139 139 0.889538370969789 0.897963051285443 1.47894183692871 1.41535706108684 2.45455376696527 2.29252111398045 7 6.59 11 9.2 14 11.06
"49" 48 908 707.3 65 65.35 97 99.18 138 138 0.889663113349908 0.898524085632578 1.47946930591211 1.41486981144287 2.44709131093888 2.28294725461147 7 6.57 11 9.18 14 11
"50" 49 907 702.87 64 65.06 96 98.65 137 137 0.88960077739709 0.899136798087178 1.47999793800242 1.41124144284863 2.44868678096197 2.27512732758774 7 6.58 11 9.06 14 10.89
"51" 50 906 698.61 63 64.77 96 98.13 136 136 0.89045515447718 0.899962906033733 1.47277190483986 1.40748125878397 2.45028577299394 2.27014963174456 7 6.47 11 9.06 14 10.84
"52" 51 905 693.12 63 64.52 95 97.71 135 135 0.89045515447718 0.900438007626925 1.47329430473471 1.40482458192568 2.4408455629232 2.26224684406645 7 6.45 11 8.97 14 10.74
"53" 52 904 687.97 62 64.3 94 97.18 134 134 0.89045515447718 0.901114479121013 1.47381786038154 1.40248501856264 2.44243941863439 2.2481796350487 7 6.46 11 8.92 14 10.65
"54" 53 903 680.24 61 63.98 93 96.73 133 133 0.89045515447718 0.902189879980328 1.47434257562006 1.39886401155729 2.44403680448006 2.23647188371184 7 6.45 11 8.89 14 10.6
"55" 54 902 676.31 61 63.74 92 96.15 132 132 0.890958994301212 0.902729757245217 1.474868454307 1.39676836735904 2.4346613472609 2.22621322676423 7 6.43 11 8.78 14 10.49
"56" 55 901 671.18 61 63.5 91 95.61 131 131 0.891524817095879 0.903513823002743 1.47539550031622 1.39195041048386 2.42127273967022 2.22024492560513 7 6.44 11 8.79 14 10.43
"57" 56 900 666.37 61 63.25 91 95.08 130 130 0.893873999886984 0.904390768620478 1.47198043813834 1.38877723158397 2.41400900942511 2.20909659111604 7 6.42 11 8.76 14 10.38
"58" 57 899 661.21 61 62.97 90 94.55 129 129 0.894381717162568 0.905131901062717 1.47250544418744 1.38538825806167 2.40538515381044 2.20197515925864 7 6.36 11 8.71 14 10.29
"59" 58 898 657.81 61 62.73 89 94.01 128 128 0.894890011529177 0.906003637200057 1.47303161951504 1.38144439901353 2.38771448725551 2.19467952664572 7 6.32 11 8.68 14 10.26
"60" 59 897 651.66 61 62.51 88 93.53 127 127 0.895398883971286 0.906767256305123 1.47355896803178 1.37929539575647 2.38262934819031 2.18287256581137 7 6.32 11 8.65 14 10.15
"61" 60 896 645.88 61 62.28 88 92.97 126 126 0.89598238510223 0.907539923268671 1.47110797946426 1.3755716604133 2.37600298645766 2.17121297466446 7 6.3 11 8.58 14 10.01
"62" 61 895 641.24 61 62 88 92.55 125 125 0.897573795489082 0.908108535412871 1.45871235829313 1.37309738773769 2.36811864613441 2.16061330964787 7 6.29 11 8.52 13 9.96
"63" 62 894 635.91 61 61.78 88 92.11 124 124 0.898086377031315 0.909069689956929 1.45698832289973 1.36815559296164 2.36555440063808 2.15407058700947 7 6.31 11 8.47 13 9.9
"64" 63 893 629.11 61 61.41 87 91.57 123 123 0.89814454408893 0.909782637388948 1.45750006794217 1.36467211085433 2.35896347034757 2.15217914857744 7 6.2 11 8.4 13 9.81
"65" 64 892 625.14 61 61.23 87 90.98 122 122 0.899241727778242 0.910260158869472 1.4453576256043 1.36164414879372 2.35379043116633 2.14436561218142 7 6.21 11 8.35 13 9.75
"66" 65 891 619.27 61 60.93 87 90.35 121 121 0.901119070306276 0.911056224556237 1.43949013257379 1.35968807122779 2.34497969731819 2.13139917372448 7 6.17 11 8.24 13 9.66
"67" 66 890 611.77 61 60.68 87 89.75 120 120 0.903015230041307 0.911246326145964 1.43421654385286 1.35824829175795 2.33708540178059 2.12611577087376 7 6.09 11 8.19 13 9.63
"68" 67 889 607.09 60 60.4 87 89.15 119 119 0.903015230041307 0.912345882471541 1.43105264295469 1.35423590928632 2.33858943485346 2.11756133056609 7 6.05 11 8.1 13 9.53
"69" 68 888 602.02 59 60.2 87 88.51 118 118 0.903950025141143 0.912872993429472 1.42788161615359 1.35337677165888 2.34009685538821 2.10857070003194 7 6.05 11 8.06 13 9.44
"70" 69 887 596.21 59 59.88 87 87.88 117 117 0.905135730669528 0.913792859272653 1.42451377637554 1.35026185849633 2.33820399795075 2.09642502997314 7 5.98 11 8.01 13 9.38
"71" 70 886 589.77 59 59.6 87 87.32 116 116 0.907056563938248 0.914419823680351 1.4227355752202 1.34723988081733 2.33137990010898 2.09279867228661 7 5.96 11 7.94 13 9.33
"72" 71 885 583.66 59 59.33 86 86.74 115 115 0.907056563938248 0.915238180391846 1.42321324253684 1.34374410856447 2.32682922266564 2.08310777621467 7 5.95 11 7.95 13 9.29
"73" 72 884 577.76 58 59.07 85 86.15 114 114 0.907002946463156 0.915537087288232 1.42369199054876 1.34219020505463 2.32833016070033 2.07867199406083 7 5.95 11 7.93 13 9.2
"74" 73 883 574.28 57 58.77 85 85.6 113 113 0.907002946463156 0.916298911336895 1.42190681726512 1.33875107596985 2.32983449836817 2.07090222174036 7 5.93 11 7.9 13 9.16
"75" 74 882 570.05 56 58.45 84 85.06 112 112 0.906875225224818 0.917302612665825 1.42238516966565 1.33608285420247 2.33134224723253 2.0573095147773 7 5.89 11 7.83 13 9.07
"76" 75 881 566.3 56 58.1 84 84.54 111 111 0.907373219090069 0.918157800867121 1.41455603880188 1.33310481016491 2.32328192336359 2.05155743789524 7 5.84 11 7.75 13 8.97
"77" 76 880 559.96 55 57.77 84 83.94 110 110 0.908320754153779 0.918402167980658 1.40893765993976 1.33136839915152 2.32478565282196 2.04270142492653 7 5.85 11 7.66 13 8.9
"78" 77 879 554.24 55 57.5 83 83.39 109 109 0.908846609110881 0.919298630705442 1.40940289049715 1.32836150855305 2.31713444982743 2.03264693657646 7 5.81 10 7.58 13 8.86
"79" 78 878 549.29 54 57.15 82 82.85 108 108 0.908846609110881 0.920280692524935 1.40986918080523 1.32526834465528 2.31863460295936 2.01786527118876 7 5.79 10 7.56 13 8.76
"80" 79 877 545.1 53 56.81 82 82.32 107 107 0.909712325241894 0.921324510882643 1.40277353724584 1.32088496820506 2.32013817719306 2.01122140010382 7 5.74 10 7.48 13 8.7
"81" 80 876 540.09 52 56.5 82 81.78 106 106 0.909712325241894 0.921738217296314 1.3979318817239 1.31930952451373 2.32164518424465 2.00416392890249 7 5.67 10 7.41 13 8.64
"82" 81 875 535.32 51 56.18 82 81.23 105 105 0.909712325241894 0.923114668242877 1.39533563847499 1.31414380767763 2.32315563588379 1.99292927703263 7 5.63 10 7.37 13 8.55
"83" 82 874 530.35 51 55.9 82 80.62 104 104 0.909640124972357 0.924029213280044 1.39349963806134 1.31025842558364 2.31662789334143 1.98379906265949 7 5.61 10 7.26 13 8.4
"84" 83 873 525.78 51 55.61 81 80.02 103 103 0.91104181705821 0.92509937214049 1.39395038220574 1.30691446264586 2.31008519606243 1.97313914487609 7 5.57 10 7.17 13 8.25
"85" 84 872 521.21 51 55.34 81 79.43 102 102 0.912075972416791 0.925747200229329 1.39048569743845 1.30384786319651 2.30852606816282 1.96620714687091 7 5.5 10 7.12 13 8.17
"86" 85 871 516.13 51 54.93 80 78.84 101 101 0.912075972416791 0.926486194905346 1.39093401626444 1.30056442753921 2.2925970980292 1.962310304768 7 5.48 10 7.1 13 8.18
"87" 86 870 511.29 51 54.64 79 78.25 100 100 0.911973491889112 0.927840995655716 1.39138336570842 1.29724765323819 2.29015737572891 1.95032202310928 7 5.42 10 7.01 13 8.07
"88" 87 869 506.84 50 54.33 78 77.65 99 99 0.911973491889112 0.928836773587187 1.39183374932834 1.29568007976897 2.2916420217309 1.93795158526794 7 5.38 10 6.94 13 7.98
"89" 88 868 501.89 50 53.94 77 76.94 98 98 0.912505280668833 0.929430115818183 1.39228517069853 1.29521568256749 2.2758171312621 1.92940530904101 7 5.33 10 6.87 13 7.87
"90" 89 867 495.85 50 53.66 76 76.31 97 97 0.913793303369943 0.929924705307474 1.39273763340984 1.29467320954724 2.26109300639456 1.92429368540755 7 5.3 10 6.81 13 7.75
"91" 90 865 490.64 50 53.3 75 75.69 96 96 0.913793303369943 0.930837842813721 1.39364569730211 1.28880381977082 2.23973111401517 1.91383391787975 7 5.28 10 6.73 13 7.68
"92" 91 863 485.14 50 52.91 74 75.1 95 95 0.914662193044906 0.93157733280107 1.39455797006527 1.28556689298214 2.2333655585552 1.90915255023885 7 5.25 10 6.67 13 7.66
"93" 92 861 478.98 50 52.63 73 74.42 94 94 0.91531392420034 0.932519405093621 1.39547448102942 1.2827677437115 2.20726826286317 1.90161691409478 7 5.2 10 6.65 13 7.6
"94" 93 859 475.03 49 52.33 72 73.82 93 93 0.915264178131477 0.933679954317068 1.39639525979782 1.28022144631285 2.21007913192688 1.88848975928459 7 5.2 10 6.58 13 7.51
"95" 94 857 470.39 49 52.03 71 73.18 92 92 0.914726851723013 0.93467302006621 1.39732033625009 1.27724769299949 2.19954335708906 1.87416187943604 7 5.19 10 6.5 13 7.39
"96" 95 855 464.76 49 51.65 70 72.45 91 91 0.915183337872449 0.9351485897582 1.39824974054541 1.27568243500888 2.1811230432102 1.86674817350144 7 5.12 10 6.41 12 7.32
"97" 96 853 458.15 49 51.31 70 71.8 90 90 0.916106176672812 0.935500382695024 1.39355553299565 1.27419732155358 2.17717165575985 1.85690870071182 7 5.07 10 6.37 12 7.23
"98" 97 851 452.17 48 50.92 69 71.2 89 89 0.916056738370802 0.936941665278681 1.39448045786755 1.26794689475274 2.17993821664295 1.8504179721966 7 5.06 10 6.32 12 7.17
"99" 98 849 448.78 48 50.62 69 70.56 88 88 0.917222431717631 0.938590853419935 1.38975525456331 1.26371759109929 2.17329496155848 1.83787976916338 7 4.99 10 6.26 12 7.07
"100" 99 847 444.51 48 50.25 68 69.96 87 87 0.916581929145608 0.939800469703659 1.39067557393654 1.25914821018305 2.17039759603555 1.83415414033567 7 4.92 10 6.25 12 7.02
"101" 100 845 437.66 48 49.91 67 69.31 86 86 0.915890885294553 0.940569484745873 1.39160024985118 1.25652198719279 2.16684908212196 1.82554519082836 7 4.86 10 6.2 12 6.94
"102" 101 843 433.1 47 49.57 66 68.76 85 85 0.915741181656917 0.942014370100255 1.39252931331465 1.25144768187433 2.16961740734645 1.81496937024869 7 4.81 10 6.09 12 6.82
"103" 102 841 427.46 47 49.26 65 68.11 84 84 0.916128866672759 0.942523639966377 1.39346279562931 1.25081452419516 2.14460987236004 1.80615617261624 7 4.7 10 6.04 12 6.72
"104" 103 839 422.47 46 48.91 65 67.49 83 83 0.917857200798595 0.943536881488476 1.38690859596906 1.24696218609452 2.14733838218688 1.79502671024435 7 4.69 10 5.93 12 6.69
"105" 104 837 418.77 46 48.51 64 66.9 82 82 0.919357344491758 0.94469261634475 1.38783310874318 1.24209082637486 2.1453009589663 1.78858181179146 7 4.64 10 5.82 12 6.59
"106" 105 835 414.38 46 48.14 63 66.22 81 81 0.920269644930763 0.945869668757231 1.38876205032101 1.23907775398295 2.11051908814582 1.77956464240578 7 4.57 10 5.76 12 6.54
"107" 106 833 410.55 46 47.79 62 65.58 80 80 0.921786384505445 0.947081643324114 1.38969545260269 1.23567115415445 2.108383479714 1.76594942777675 7 4.55 10 5.7 12 6.48
"108" 107 831 404.63 46 47.37 61 64.94 79 79 0.923389151313654 0.947702974168321 1.39063334779548 1.23200662924518 2.09517947826619 1.75808742140327 7 4.54 10 5.63 12 6.37
"109" 108 829 400.6 45 47 60 64.31 78 78 0.923250292087585 0.948568937421057 1.39157576841742 1.22915968889574 2.0978216482982 1.74899769615881 7 4.53 9 5.6 12 6.34
"110" 109 827 396.44 45 46.71 59 63.64 77 77 0.924423009466002 0.949372859453867 1.39252274730114 1.22334566901361 2.08751715545862 1.73843592409641 7 4.45 9 5.55 12 6.24
"111" 110 825 390.65 45 46.31 59 62.94 76 76 0.927551748482407 0.950749576066152 1.38314168206131 1.22018623609802 2.06585876389902 1.7279364704883 7 4.43 9 5.51 12 6.14
"112" 111 823 386.51 44 45.94 59 62.32 75 75 0.930378845172141 0.952078273400387 1.3644655080237 1.21395859966524 2.06844894315515 1.71933747937778 7 4.37 10 5.46 12 6.02
"113" 112 821 381.18 44 45.56 59 61.59 74 74 0.932407943948767 0.952509216776205 1.34928845425207 1.21307742535688 2.0522754134734 1.70820835110991 7 4.37 10 5.44 12 6
"114" 113 819 375.97 43 45.09 59 60.94 73 73 0.931697174160628 0.953025937804643 1.34525741262631 1.20894371018913 2.05484507260276 1.69678813344408 7 4.37 9 5.38 12 5.93
"115" 114 817 371.3 42 44.72 58 60.17 72 72 0.931555615546504 0.95301662222023 1.34610259601096 1.20826113778616 2.05742731268258 1.69046872472294 7 4.33 9 5.31 12 5.87
"116" 115 815 366.07 41 44.26 57 59.52 71 71 0.931445291137893 0.953187162436185 1.34695192753491 1.20491048147143 2.06002222633333 1.68582034924886 7 4.23 9 5.22 12 5.84
"117" 116 813 361.61 40 43.84 56 58.8 70 70 0.931302685446173 0.95336130482444 1.34780543781175 1.20439391195061 2.06262990708692 1.67964719375635 7 4.18 9 5.13 12 5.76
"118" 117 811 357.25 40 43.47 55 58.22 69 69 0.933037579185824 0.955069997528776 1.34866315775703 1.20013497644583 2.0383079367431 1.67244415547418 7 4.13 9 5.07 11 5.66
"119" 118 809 351.87 39 43.09 55 57.6 68 68 0.934597450150897 0.9556523620438 1.34243886447389 1.19611794290103 2.04087482904654 1.66146821399764 7 4.04 9 5 11 5.57
"120" 119 806 346.48 38 42.7 54 56.82 67 67 0.934363324194135 0.956451917725636 1.34371345081809 1.19347306595053 2.04474905297599 1.65409487456999 6 3.96 9 4.91 11 5.52
"121" 120 803 342.6 38 42.27 53 56.12 66 66 0.937477479136395 0.956870408825177 1.34499756084605 1.19204493934585 2.01424455525314 1.64408263368169 7 3.95 9 4.81 11 5.42
"122" 121 800 337.06 38 41.89 53 55.46 65 65 0.939145075655558 0.957272835477247 1.33771957131126 1.18893326325183 1.9760839082518 1.63091191488558 7 3.91 9 4.78 11 5.33
"123" 122 797 330.39 38 41.54 52 54.81 64 64 0.942216257692875 0.958737985136519 1.33899078676162 1.18559951822914 1.96730640100793 1.62091525365568 7 3.92 9 4.73 11 5.3
"124" 123 794 325.2 37 41.09 51 54.07 63 63 0.942005593914038 0.95867682108725 1.34027160837407 1.18533443999314 1.97096121108731 1.61321659868712 6 3.88 9 4.68 11 5.26
"125" 124 791 319.62 37 40.61 50 53.35 62 62 0.942150732350158 0.960154068420355 1.34156214544755 1.18261426957272 1.95376353079244 1.60032665120828 6 3.88 9 4.59 11 5.12
"126" 125 788 313.76 37 40.27 50 52.62 61 61 0.941200830860934 0.961335100652865 1.32986064790756 1.17792388720143 1.91439368975586 1.58130236680002 6 3.86 9 4.5 11 5.05
"127" 126 785 308.21 36 39.8 49 51.81 60 60 0.940966468654131 0.962324926053346 1.33112126184861 1.17830458424225 1.91788818793327 1.57255040550188 6 3.77 9 4.43 11 4.99
"128" 127 782 302.62 35 39.34 48 51.04 59 59 0.940715892311211 0.963387269989362 1.33239154801938 1.17639303835351 1.92140949811716 1.56268661101182 6 3.71 9 4.41 11 4.9
"129" 128 779 297.43 34 38.89 47 50.35 58 58 0.940480047803308 0.964121215433397 1.3336716181658 1.1718712742252 1.92495793007396 1.55364995164678 6 3.62 9 4.3 11 4.79
"130" 129 776 291.79 34 38.42 46 49.57 57 57 0.939490804924629 0.964501081084618 1.3349615857618 1.17010477533163 1.89201381871074 1.54412618206203 6 3.6 9 4.23 11 4.71
"131" 130 773 285.76 34 37.99 45 48.81 56 56 0.940382964765643 0.965239680633401 1.33626156604289 1.16696853592246 1.87853642204488 1.5356961230074 6 3.56 9 4.19 11 4.67
"132" 131 770 279.77 33 37.4 44 47.96 55 55 0.940143822323131 0.96552045817436 1.33757167604046 1.16607591805721 1.88195929122168 1.52980230632557 6 3.53 9 4.12 11 4.6
"133" 132 767 273.57 32 36.93 44 47.21 54 54 0.941973928901075 0.967219579851795 1.32471212202798 1.1601423661136 1.88540893642854 1.52069776482414 6 3.44 8 4.07 10 4.5
"134" 133 763 269.44 32 36.39 43 46.43 53 53 0.942919797322164 0.968241785344825 1.32641441362446 1.15625919021182 1.84538324285452 1.5160887566807 6 3.41 8 4 10 4.42
"135" 134 759 264.12 32 35.89 43 45.72 52 52 0.953037917030987 0.968939846748703 1.29785503160036 1.15331348729026 1.83473235195633 1.50854821169266 6 3.36 8 3.93 10 4.31
"136" 135 755 260.65 32 35.34 42 45.04 51 51 0.956582261242854 0.970275685864389 1.29943307150287 1.14999119154093 1.82396860393604 1.50063482078481 6 3.25 8 3.85 10 4.22
"137" 136 751 256.79 31 34.87 41 44.19 50 50 0.956304373597335 0.97139970475255 1.30102792141767 1.14857184446971 1.82835725162677 1.49000512514038 6 3.22 8 3.81 10 4.18
"138" 137 747 251.16 31 34.35 41 43.4 49 49 0.954777230118596 0.972150563840622 1.28685898933553 1.14519345123479 1.82089329745205 1.47945930124154 6 3.16 8 3.74 10 4.1
"139" 138 743 245.24 31 33.85 40 42.6 48 48 0.956738643431853 0.972839422636123 1.2884033176765 1.14241117489093 1.8060469305782 1.47383420920597 6 3.13 8 3.7 10 4.01
"140" 139 739 241.29 31 33.41 39 41.82 47 47 0.956959549125887 0.973716506573302 1.28996436405093 1.14137172282351 1.79958439704953 1.4593249117595 6 3.08 8 3.58 10 3.91
"141" 140 735 236.48 30 32.95 38 41.03 46 46 0.95665396466076 0.974307334956383 1.29154240140631 1.13862209621675 1.80393587676136 1.44652913222261 6 3 8 3.51 10 3.8
"142" 141 731 232.49 29 32.42 37 40.23 45 45 0.955684259427386 0.975420169294061 1.29313770866435 1.13764651288933 1.80833497868618 1.44060775404361 6 2.95 8 3.49 10 3.78
"143" 142 726 225.06 29 31.89 36 39.47 44 44 0.955452204236007 0.976656243363287 1.29515656340722 1.13172404418182 1.79104029276706 1.43284958143349 6 2.88 8 3.43 10 3.7
"144" 143 721 219.32 28 31.38 35 38.69 43 43 0.955064503740504 0.977753997407105 1.29720341890935 1.12771147876906 1.79652600908306 1.41697937890909 6 2.88 8 3.37 9 3.65
"145" 144 716 214.58 28 30.76 34 37.83 42 42 0.957275750830022 0.978575480721444 1.29927886177883 1.12712102934487 1.73136448374003 1.41078735893041 6 2.83 8 3.32 9 3.59
"146" 145 711 207.6 27 30.31 34 37.09 41 41 0.957615111755851 0.980132077911297 1.2826096222377 1.12422688859466 1.73650769389292 1.4012074931269 6 2.77 7 3.21 9 3.48
"147" 146 706 202.33 27 29.75 33 36.27 40 40 0.959474451092861 0.98054359252915 1.28461110681446 1.12214761601777 1.69978580143381 1.39275807078748 6 2.72 7 3.15 9 3.36
"148" 147 701 198.06 26 29.2 33 35.44 39 39 0.965612119691527 0.980983355519839 1.24757551505597 1.11619015020323 1.70477714095902 1.38474107371889 6 2.67 7 3.11 9 3.29
"149" 148 696 192.82 25 28.6 32 34.59 38 38 0.965243593468945 0.981993695502865 1.24935407479057 1.11423805293726 1.70984019513257 1.37500887323903 6 2.62 7 3.03 9 3.24
"150" 149 691 187.65 25 28.02 31 33.76 37 37 0.965955076972874 0.982684713031715 1.25115837345041 1.11135711876943 1.65509822209539 1.36923823667184 6 2.56 7 2.93 9 3.13
"151" 150 686 181.64 24 27.43 30 32.97 36 36 0.964880745309271 0.983091961512667 1.25298897383999 1.10978673493547 1.65987299047801 1.35997723161285 6 2.56 7 2.9 9 3.08
"152" 151 681 176.33 23 26.83 29 32.14 35 35 0.963749644620535 0.983288114024146 1.25484645529256 1.1087054593514 1.66471787293379 1.35225572352314 5 2.46 7 2.76 9 2.99
"153" 152 675 172.34 23 26.24 28 31.32 34 34 0.965002373258656 0.984623421597679 1.25711175711739 1.10527811679242 1.61783682665184 1.34170989090471 6 2.4 7 2.71 9 2.92
"154" 153 669 166.78 23 25.57 27 30.52 33 33 0.96161872463967 0.985820042808278 1.2594176921588 1.10303977233915 1.59630118023245 1.33203578923462 5 2.36 7 2.68 8 2.85
"155" 154 663 162.5 23 24.98 27 29.7 32 32 0.971019059038357 0.986481474072239 1.23444354093478 1.09918611918512 1.57261077617496 1.32438804059879 5 2.34 7 2.65 8 2.84
"156" 155 656 157.9 23 24.35 27 28.91 31 31 0.981064841214088 0.989082162638439 1.20610208325878 1.08986121925335 1.52346470348785 1.31193351003592 5 2.26 6 2.56 8 2.73
"157" 156 649 152.17 23 23.65 26 27.99 30 30 0.9837985057048 0.989192779255876 1.20832506412598 1.08714303580964 1.47411841899233 1.30484984169503 5 2.18 6 2.44 8 2.61
"158" 157 642 148.16 22 22.97 25 27.15 29 29 0.983533345589154 0.989708676939843 1.21059652121146 1.08162841426156 1.47928793446421 1.29642533601145 5 2.14 6 2.41 8 2.53
"159" 158 634 143.37 21 22.31 24 26.25 28 28 0.983213153399289 0.989351831037904 1.21325389056429 1.07950511509637 1.48533573174451 1.29225491586467 5 2.05 6 2.33 8 2.43
"160" 159 625 138.56 20 21.66 24 25.35 27 27 0.993585230936015 0.989768992319888 1.16502774629538 1.07992028628813 1.49232456628164 1.27377413499249 5 1.95 6 2.24 8 2.34
"161" 160 616 133.71 20 21.05 24 24.46 26 26 1 0.99021151419613 1.13290199808876 1.07379596900933 1.46051307046312 1.2646946799845 5 1.92 6 2.16 7 2.29
"162" 161 606 129.1 19 20.41 24 23.57 25 25 1 0.991137475095869 1.08898669041251 1.07165540549388 1.46811229604832 1.24615881892621 5 1.85 6 2.09 7 2.2
"163" 162 596 123.62 19 19.69 23 22.68 24 24 1 0.992395241292783 1.09047975568789 1.06718167278822 1.42443174424097 1.24043879421678 5 1.77 6 2.01 7 2.07
"164" 163 586 120.87 18 19.2 22 21.82 23 23 1 0.993889928619506 1.0920237788225 1.06205527666728 1.43167460677068 1.21591673839956 5 1.73 6 1.95 7 2.01
"165" 164 575 116.19 18 18.6 21 20.93 22 22 1 0.99404166763436 1.09378423372171 1.06008853938944 1.3924224663545 1.19950415451746 4 1.69 6 1.82 7 1.9
"166" 165 564 111.85 18 17.87 20 20.04 21 21 0.994076863335431 0.99529734765743 1.09561335884749 1.05726863843995 1.35506577606942 1.19140729559892 4 1.59 5 1.74 6 1.82
"167" 166 551 106.68 17 17.13 19 19.13 20 20 0.993855992406168 0.995126815181841 1.09786920941921 1.05079746193877 1.36344300853567 1.17889314331776 4 1.53 5 1.67 6 1.72
"168" 167 537 100.26 17 16.45 18 18.21 19 19 0.991383686477508 0.996318462413735 1.100420734432 1.04592328242718 1.31157020382454 1.17017834330027 4 1.46 5 1.57 6 1.64
"169" 168 522 94.42 16 15.64 17 17.27 18 18 0.99096517399811 0.996064199875447 1.10330638772027 1.0460128336432 1.3205233706011 1.16818801410834 4 1.38 5 1.53 6 1.57
"170" 169 504 89.34 15 14.85 16 16.34 17 17 0.990414805028195 0.996643071964992 1.10699590156743 1.04635839690593 1.33197063383686 1.16130872070863 3 1.26 4 1.37 5 1.42
"171" 170 486 82.7 14 14.04 15 15.45 16 16 0.989779793052077 0.99717557311639 1.11095871273659 1.04067980205882 1.34426584249748 1.15916205860971 3 1.2 4 1.32 5 1.36
"172" 171 468 77.87 13 13.32 14 14.57 15 15 0.989045758011986 0.998520923585905 1.11522635553415 1.03489789833051 1.35750683643969 1.14608139646695 3 1.14 4 1.2 5 1.26
"173" 172 448 72.91 12 12.53 13 13.6 14 14 0.988160755918453 0.997958797057251 1.12037038926336 1.03613012999389 1.37346696306646 1.1304581079439 2 1.13 4 1.18 4 1.21
"174" 173 428 65.93 11 11.74 12 12.65 13 13 0.98715380989996 0.998231969400072 1.12599517380837 1.03639080073733 1.39091869031256 1.11605808954673 2 1.07 3 1.09 4 1.14
"175" 174 406 61.21 10 10.92 11 11.7 12 12 0.985837663841683 0.999022569512364 1.1328224984975 1.03339245557844 1.41210147648713 1.1107802030002 2 0.97 3 1.02 4 1.05
"176" 175 384 55.33 9 10.09 10 10.77 11 11 0.984249803678784 0.999730388702723 1.14043212080725 1.03265732538302 1.43571145691087 1.09792042691221 2 0.93 3 0.99 3 1.02
"177" 176 361 49.26 8 9.26 9 9.8 10 10 0.982185985566328 0.999892903167996 1.14937931963984 1.03332366121804 1.46347146663096 1.08260478779747 2 0.84 3 0.89 3 0.9
"178" 177 337 44.59 7 8.37 8 8.82 9 9 0.97951258333603 0.999889679220125 1.16001760946583 1.02936211818949 1.49647833665809 1.07403498352055 1 0.79 2 0.82 3 0.85
"179" 178 312 40.12 6 7.55 7 7.87 8 8 0.975773847388518 1 1.17283953330123 1.02509436105908 1.53626025465954 1.05474069241157 1 0.71 2 0.73 2 0.75
"180" 179 287 36.58 6 6.62 6 6.9 7 7 1 1 1.18789524177694 1.0175130759299 1.37970745870683 1.05998791660843 1 0.61 2 0.66 2 0.66
"181" 180 261 31.15 5 5.77 6 5.92 6 6 1 1 1 1.01701054635091 1.41753272279257 1.04094434445761 1 0.52 2 0.56 2 0.56
"182" 181 0 0 0 0 0 0 0 0 0 0 0 0 0 0 0 0 0 0 0 0
"183" 182 0 0 0 0 0 0 0 0 0 0 0 0 0 0 0 0 0 0 0 0
"184" 183 0 0 0 0 0 0 0 0 0 0 0 0 0 0 0 0 0 0 0 0
"185" 184 0 0 0 0 0 0 0 0 0 0 0 0 0 0 0 0 0 0 0 0
"186" 185 0 0 0 0 0 0 0 0 0 0 0 0 0 0 0 0 0 0 0 0
"187" 186 0 0 0 0 0 0 0 0 0 0 0 0 0 0 0 0 0 0 0 0
