"Obj" "AbuOrd" "AbuRnd" "RowSpO" "RowSpR" "ColSpO" "ColSpR" "IntOrd" "IntRnd" "H2Ord" "H2Rnd" "GenOrd" "GenRnd" "VulOrd" "VulRnd" "50%rOrd" "50%rRnd" "50%cOrd" "50%cRnd" "50%intOrd" "50%intRnd"
"1" 0 956 956 76 76 121 121 186 186 0.863311706558715 0.863311706558715 1.57054914282565 1.57054914282565 2.70435458224835 2.70435458224835 8 8 12 12 15 15
"2" 10 946 946 74 75 115 119.07 176 181.01 0.866865327809669 0.866869708844913 1.56521198265643 1.55756727873306 2.64124418213643 2.66826496802264 8 8 11 11.8 15 15
"3" 20 936 936 72 73.93 109 116.95 166 176.11 0.870137196408684 0.870077306392485 1.55626538968794 1.5451304579688 2.60310431191982 2.63189487480145 8 7.99 11 11.11 15 15
"4" 30 926 926 70 72.97 105 114.93 156 171.36 0.878242469704876 0.873234886234126 1.5342996223604 1.53254545481937 2.5176999001651 2.59735165548126 8 7.95 11 11.01 14 14.12
"5" 40 916 916 68 71.85 100 112.88 146 166.78 0.88309788161231 0.876146379658529 1.50905638302516 1.5219013357329 2.47741801591902 2.56330512121161 7 7.7 11 11 14 14
"6" 50 906 906 63 70.68 96 111.09 136 162.22 0.89045515447718 0.879313907294275 1.47277190483986 1.50865525419224 2.45028577299394 2.53132497094216 7 7.39 11 11 14 14
"7" 60 896 896 61 69.67 88 109.04 126 158.02 0.89598238510223 0.882135234951124 1.47110797946426 1.49823450668668 2.37600298645766 2.50337579399767 7 7.19 11 11 14 14
"8" 70 886 886 59 68.46 87 106.91 116 153.53 0.907056563938248 0.885275969734791 1.4227355752202 1.48749463165299 2.33137990010898 2.47053418666625 7 7.06 11 10.99 13 13.68
"9" 80 876 876 52 67.39 82 104.96 106 149.53 0.909712325241894 0.888125449918709 1.3979318817239 1.47689974404409 2.32164518424465 2.44367935304547 7 7.01 10 10.89 13 13.21
"10" 90 866 866 50 66.22 76 102.83 97 145.33 0.913209361603162 0.890743997218549 1.39319114106966 1.4675359092986 2.25244025637664 2.41421809644762 7 7.01 10 10.55 13 13.01
"11" 100 856 856 49 65.06 71 100.67 92 141.29 0.914726851723013 0.893641689744923 1.39778449552141 1.45672310095858 2.19203809317784 2.38706965034443 7 7 10 10.22 13 13
"12" 110 846 846 48 63.96 68 98.34 87 137.11 0.915940668363636 0.896190086189139 1.39113736539509 1.44885793043202 2.16930780004183 2.35644526234243 7 7 10 10.03 12 12.99
"13" 120 836 836 46 62.65 64 95.93 82 132.8 0.920269644930763 0.899105969818691 1.38829702394503 1.43977964532694 2.13119898894242 2.32470606405719 7 7 10 10.01 12 12.6
"14" 130 826 826 45 61.38 59 93.85 77 128.77 0.925670882986042 0.902024423476006 1.3884886211703 1.42970866125624 2.0787181328897 2.29783004334881 7 7 9 10 12 12.13
"15" 140 816 816 42 60.07 58 91.75 72 124.8 0.931487400573403 0.904751680080538 1.3465267413492 1.42039646766103 2.05872317948733 2.27086289470754 7 7 9 10 12 12.01
"16" 150 806 806 38 59.01 54 89.63 67 121.03 0.934363324194135 0.907303752968038 1.34371345081809 1.41123797988287 2.04474905297599 2.24452900331172 6 6.99 9 9.92 11 12
"17" 160 796 796 38 57.82 52 87.52 64 117.26 0.942138380159693 0.909986734456871 1.33941665458418 1.40256964039131 1.96852161005442 2.21675146255095 7 6.98 9 9.68 11 11.98
"18" 170 786 786 37 56.56 50 85.4 61 113.42 0.941027538263495 0.912921934887706 1.33069998797857 1.39355698949183 1.91672039125651 2.19015315440565 6 6.93 9 9.28 11 11.57
"19" 180 776 776 34 55.36 46 83.34 57 109.92 0.939490804924629 0.915617787597775 1.3349615857618 1.38542564250293 1.89201381871074 2.16153984879016 6 6.85 9 9.11 11 11.2
"20" 190 766 766 32 54.2 44 81.03 54 106.25 0.940909892742197 0.917945268480892 1.32513602819251 1.37776114920882 1.87829757753423 2.13350771724649 6 6.66 8 9.01 10 11.02
"21" 200 756 756 32 52.93 43 79.05 52 102.76 0.955089481829748 0.920585913404544 1.29903699601147 1.36853915151014 1.8280605046547 2.10866269260843 6 6.51 8 9 10 11
"22" 210 746 746 31 51.7 41 76.88 49 99.34 0.954727493564897 0.923204102815551 1.28724351881185 1.3604043079915 1.81803092147562 2.08207738006594 6 6.34 8 8.99 10 10.99
"23" 220 736 736 31 50.54 39 74.68 47 95.96 0.956730506108447 0.925533066997309 1.2911462840131 1.35216372267215 1.80284357258098 2.05266466413514 6 6.23 8 8.92 10 10.73
"24" 230 726 726 29 49.12 36 72.17 44 92.42 0.955457869251864 0.928152745568985 1.29515656340722 1.34522024563961 1.79104029276706 2.02752501257956 6 6.12 8 8.59 10 10.32
"25" 240 716 716 28 47.91 34 70.02 42 89.27 0.957270227156762 0.93030923298486 1.29927886177883 1.33835594727174 1.73136448374003 2.00151800727982 6 6.04 8 8.33 9 10.09
"26" 250 706 706 27 46.89 33 67.63 40 85.96 0.959474451092861 0.932579568451296 1.28461110681446 1.33272458655906 1.69978580143381 1.97433900700416 6 6.03 7 8.11 9 10.02
"27" 260 696 696 25 45.76 32 65.63 38 83.1 0.965243593468945 0.934703364562109 1.24935407479057 1.32506323081517 1.70984019513257 1.95196454353118 6 6.01 7 8.03 9 9.97
"28" 270 686 686 24 44.57 30 63.49 36 80.09 0.964880745309271 0.937096199089639 1.25298897383999 1.31868325995974 1.65987299047801 1.93019997245137 6 6 7 8.01 9 9.81
"29" 280 676 676 23 43.3 29 61.41 35 77.13 0.965028803683174 0.93976808709567 1.25673141428141 1.31049308455505 1.63025350718032 1.90550829951374 6 6 7 7.97 9 9.54
"30" 290 666 666 23 42.1 27 59.42 33 74.28 0.96414450507235 0.941936925859274 1.24937375678826 1.30417846090511 1.58681559551183 1.88273355617975 5 5.99 7 7.84 8 9.23
"31" 300 656 656 23 41.08 27 57.27 31 71.36 0.981064841214088 0.944137297601382 1.20610208325878 1.29683851047776 1.52346470348785 1.85864885801164 5 5.93 6 7.57 8 9.05
"32" 310 646 646 23 39.98 26 55.26 30 68.71 0.983695373735747 0.945766991164266 1.20929251798415 1.29204036230455 1.47632020731582 1.83696324305663 5 5.88 6 7.36 8 9.01
"33" 320 636 636 22 38.88 25 53.33 29 66.19 0.98329395443351 0.947570750962537 1.21258328084553 1.28518568747669 1.48380951875161 1.81759577121542 5 5.69 6 7.14 8 8.93
"34" 330 626 626 21 37.91 24 51.67 28 63.88 0.992061355423689 0.949904734755191 1.17314736562929 1.27801160063385 1.49153810531313 1.79555987147782 5 5.54 6 7.05 8 8.74
"35" 340 616 616 20 36.87 24 50.11 26 61.56 1 0.952304951812866 1.13290199808876 1.27065847106444 1.46051307046312 1.77430167877717 5 5.36 6 7.02 7 8.42
"36" 350 606 606 19 35.83 24 48.37 25 59.23 1 0.953746130355091 1.08898669041251 1.2645664974611 1.46811229604832 1.75435517732673 5 5.23 6 6.97 7 8.2
"37" 360 596 596 19 34.59 23 46.56 24 56.81 1 0.955947999734733 1.09047975568789 1.25734495963526 1.42443174424097 1.73518201947646 5 5.13 6 6.82 7 8.06
"38" 370 586 586 18 33.63 22 44.93 23 54.72 1 0.95771119694951 1.0920237788225 1.25083245338842 1.43167460677068 1.71713041522147 5 5.07 6 6.64 7 7.97
"39" 380 576 576 18 32.87 22 43.44 23 52.81 1 0.959949876838582 1.0936214138715 1.24420453760277 1.39929464085783 1.69618963348608 4 5.05 6 6.39 7 7.9
"40" 390 566 566 18 31.94 21 41.91 22 50.75 0.994097622112824 0.961826407172854 1.0952755024558 1.23729225896089 1.36692159203293 1.67662920675667 4 5 5 6.18 6 7.68
"41" 400 556 556 18 31.09 20 40.39 21 48.93 0.993942845931725 0.963809140652098 1.09698909062947 1.23181400977607 1.36017463615675 1.65885206936273 4 4.95 5 6.11 6 7.37
"42" 410 546 546 17 30.17 19 38.97 20 47.09 0.997428737511241 0.96574818402543 1.0987654476007 1.22547935306874 1.35199358902677 1.64143875244838 4 4.9 5 6 6 7.2
"43" 420 536 536 17 29.24 18 37.63 19 45.32 0.99135710731748 0.96715890722658 1.10060808654848 1.2192511561109 1.31215149151824 1.62460109045241 4 4.8 5 5.97 6 7.05
"44" 430 526 526 17 28.39 18 36.32 19 43.58 0.991083825422996 0.968924931287026 1.10252078781366 1.21153933544813 1.31808593052049 1.60779199757705 4 4.6 5 5.88 6 6.96
"45" 440 516 516 16 27.59 17 35.13 18 41.99 0.990802498691514 0.971100339555014 1.10450762478679 1.20441888970481 1.32425038653832 1.59134740636219 4 4.46 5 5.75 5 6.84
"46" 450 506 506 16 26.8 17 33.85 18 40.36 0.990474732603977 0.973034322318586 1.10657299286558 1.19836696645242 1.33065849694422 1.57563265502113 3 4.23 4 5.54 5 6.65
"47" 460 496 496 15 26.05 16 32.59 17 38.75 0.990134581645382 0.974691632882758 1.10872164191529 1.19058400881627 1.33732499889874 1.55836067385368 3 4.11 4 5.4 5 6.41
"48" 470 486 486 14 25.35 15 31.53 16 37.33 0.989779793052077 0.976568630575139 1.11095871273659 1.1848203962817 1.34426584249748 1.5447501552156 3 4.08 4 5.24 5 6.24
"49" 480 476 476 14 24.7 15 30.6 16 36.04 0.989380071358971 0.978863204820536 1.11328977813022 1.17759299298209 1.3514983181802 1.53138141442242 3 4.01 4 5.11 5 6.09
"50" 490 466 466 13 24.14 14 29.66 15 34.72 0.988993502810196 0.98090593038325 1.11572088924889 1.17098445322828 1.35904120054458 1.51677530680519 3 3.96 4 5.02 5 5.96
"51" 500 456 456 13 23.5 14 28.7 15 33.35 0.988559059651445 0.983514136731727 1.11825862804821 1.16310021233374 1.36691491108284 1.50206596994933 3 3.89 4 4.98 4 5.86
"52" 510 446 446 12 22.94 13 27.91 14 32.19 0.988101391283604 0.985575620831458 1.12091016679368 1.15636807823208 1.37514170281116 1.49075210737578 2 3.78 4 4.88 4 5.73
"53" 520 436 436 12 22.46 13 27.17 14 31.14 0.98761527005671 0.988640569480788 1.12368333575684 1.15030867610493 1.38374587030682 1.47979313289697 2 3.64 3 4.79 4 5.6
"54" 530 426 426 11 21.94 12 26.47 13 30.13 0.987065612295392 0.989607051886654 1.12658670044597 1.14408146470132 1.39275398932811 1.47059427838905 2 3.43 3 4.64 4 5.38
"55" 540 416 416 11 21.48 12 25.73 13 29.04 0.986544954604804 0.991344650098218 1.12962964997592 1.1373320017229 1.40219519099465 1.46004186280013 2 3.24 3 4.53 4 5.16
"56" 550 406 406 10 21.05 11 25.04 12 28.08 0.985837663841683 0.991679891000651 1.1328224984975 1.13270204900312 1.41210147648713 1.45129249198747 2 3.11 3 4.34 4 5.04
"57" 560 396 396 10 20.7 11 24.52 12 27.31 0.98526745693362 0.992559834661764 1.13617660199491 1.12775674720174 1.42250807942873 1.44418589705968 2 3.06 3 4.2 3 4.95
"58" 570 386 386 10 20.37 11 24 12 26.61 0.984421780372893 0.993258568007382 1.1397044932383 1.12397926367345 1.43345388459527 1.43959811263887 2 3 3 4.08 3 4.78
"59" 580 376 376 9 19.97 10 23.43 11 25.84 0.983725268331546 0.994071656598994 1.14342003827123 1.12067447389605 1.44498191344089 1.43343543913327 2 2.94 3 4.03 3 4.68
"60" 590 366 366 9 19.56 10 22.89 11 25.07 0.982778008118978 0.994347525945827 1.14733861855187 1.11655256171574 1.45713988921797 1.42809471790551 2 2.88 3 3.97 3 4.52
"61" 600 356 356 8 19.23 9 22.4 10 24.38 0.98177357964676 0.9940131581217 1.15147734379209 1.1131279768731 1.46998089734207 1.42378507178732 2 2.72 3 3.88 3 4.31
"62" 610 346 346 8 18.86 9 21.85 10 23.64 0.980840150367352 0.994543673739289 1.15585530170515 1.10975635879376 1.48356416027103 1.41938352067033 2 2.5 3 3.81 3 4.19
"63" 620 336 336 7 18.49 8 21.22 9 22.87 0.979409882308369 0.995107424269491 1.16049385235114 1.10633645288689 1.49795595075528 1.41599790129185 1 2.36 2 3.68 3 4.03
"64" 630 326 326 7 18.19 8 20.68 9 22.22 0.978311519317326 0.994659506757154 1.16541697665639 1.10388290689344 1.51323067317109 1.4130261833126 1 2.25 2 3.55 2 3.91
"65" 640 316 316 7 17.83 8 20.05 9 21.48 0.976665044075665 0.995490607955382 1.17065169110754 1.1024478118084 1.52947215017018 1.40989686002871 1 2.1 2 3.41 2 3.81
"66" 650 306 306 6 17.53 7 19.65 8 21 0.968553023772381 0.995757361693308 1.17622854375811 1.10068226768905 1.51721905790003 1.40965505743609 1 2.05 2 3.23 2 3.63
"67" 660 296 296 6 17.28 7 19.28 8 20.53 1 0.995484797422922 1.18218221077697 1.09733000489824 1.46622647781396 1.40946233565284 1 2.03 2 3.13 2 3.41
"68" 670 286 286 6 17.07 6 18.91 7 20.12 1 0.99589086761181 1.18472109781484 1.09530681860046 1.38103510716385 1.41001287490874 1 2 2 3.05 2 3.28
"69" 680 276 276 6 16.67 6 18.3 7 19.48 1 0.996478530574428 1.14166248795611 1.09274558440745 1.39484072698863 1.41171712869395 1 1.99 2 3 2 3.11
"70" 690 266 266 6 16.19 6 17.69 7 18.8 1 0.996527125282957 1.06576337467832 1.09091212096848 1.40968436334158 1.4133991737046 1 1.97 2 2.98 2 3.03
"71" 700 256 256 5 15.82 6 17.2 6 18.29 1 0.996251993726566 1 1.08838442249105 1.42568765878461 1.41707690395993 1 1.85 2 2.84 2 2.86
"72" 710 246 246 5 15.41 6 16.71 6 17.77 1 0.99671378671672 1 1.08587012052368 1.44299203515797 1.42101294941934 1 1.72 2 2.72 2 2.72
"73" 720 236 236 5 14.81 6 16.05 6 17.07 1 0.996700802585115 1 1.08278557022097 1.46176288410534 1.42583182421587 1 1.59 2 2.58 2 2.59
"74" 730 226 226 4 14.4 5 15.62 5 16.62 1 0.996967128515938 1 1.08047047392457 1.4821948701277 1.43176589511427 1 1.38 1 2.37 1 2.39
"75" 740 216 216 4 13.9 5 15.03 5 16 1 0.997297064585134 1 1.07762486146187 1.50451870670769 1.43595556605753 0 1.2 1 2.22 1 2.22
"76" 750 206 206 4 13.44 5 14.55 5 15.5 1 0.997435127404639 1 1.07384135036056 1.52900990606243 1.44201298121987 0 1.08 1 2.1 1 2.1
"77" 760 196 196 3 12.73 4 13.84 4 14.74 1 0.997864532922492 1 1.07021143816798 1.55600020739215 1.44842561392622 0 1.03 1 2.04 1 2.04
"78" 770 186 186 3 12.21 4 13.31 4 14.19 1 0.99856736021096 1 1.06577433216348 1.58589269166054 1.45500134683734 0 1.01 1 1.99 1 1.99
"79" 780 176 176 3 11.54 4 12.6 4 13.44 1 0.998605511865219 1 1.06080353976972 1.61918204914126 1.46155123092762 0 1.01 1 1.99 1 1.99
"80" 790 166 166 2 10.75 3 11.77 3 12.55 1 0.998919778259387 1 1.05564946616585 1.6564821725835 1.46630084718039 0 1 1 1.92 1 1.92
"81" 800 156 156 2 9.97 3 11.02 3 11.72 1 0.999313810342677 1 1.04869134449518 1.60796717146688 1.47533433905438 0 0.98 1 1.78 1 1.79
"82" 810 146 146 2 9.36 3 10.39 3 11.04 1 0.999130258054389 1 1.04318519797219 1.53216784727179 1.48198518875355 0 0.93 1 1.55 1 1.55
"83" 820 136 136 2 8.57 3 9.67 3 10.18 1 0.999201877031102 1 1.03539974710651 1.41597861732263 1.48962789942578 0 0.83 1 1.36 1 1.36
"84" 830 126 126 2 7.69 3 8.81 3 9.22 1 0.999733653525161 1 1.02692344192492 1.23780136626167 1.49849615465746 0 0.64 1 1.22 1 1.22
"85" 840 116 116 2 6.87 2 7.98 2 8.29 1 1 1 1.02069168296729 1 1.50492459754764 0 0.45 0 1.09 0 1.09
"86" 850 106 106 2 5.99 2 7.06 2 7.3 1 1 1 1.01303364313209 1 1.513686972592 0 0.27 0 1.03 0 1.03
"87" 860 96 96 2 5.28 2 6.39 2 6.52 1 1 1 1.0084232019194 1 1.52100305442692 0 0.16 0 1 0 1
"88" 870 86 86 2 4.58 2 5.65 2 5.73 1 1 1 1.00504718596598 1 1.52817939536449 0 0.12 0 1 0 1
"89" 880 76 76 2 3.84 2 4.88 2 4.9 1 1 1 1.00231596276869 1 1.52584335899946 0 0.08 0 0.93 0 0.93
"90" 890 66 66 2 3.22 2 4.25 2 4.27 1 1 1 1.00171807415895 1 1.51679945227652 0 0.04 0 0.84 0 0.84
"91" 900 56 56 1 2.68 1 3.65 1 3.66 NA 1 1 1.00047672227224 1 1.49432017634023 0 0.05 0 0.65 0 0.65
"92" 910 46 46 1 2.26 1 3.16 1 3.16 NA 1 1 1 1 1.4538095133622 0 0.08 0 0.58 0 0.58
"93" 920 36 36 1 2.16 1 2.9 1 2.9 NA 1 1 1 1 1.37826807784876 0 0.07 0 0.39 0 0.39
