"Obj" "AbuOrd" "AbuRnd" "RowSpO" "RowSpR" "ColSpO" "ColSpR" "IntOrd" "IntRnd" "H2Ord" "H2Rnd" "GenOrd" "GenRnd" "VulOrd" "VulRnd" "50%rOrd" "50%rRnd" "50%cOrd" "50%cRnd" "50%intOrd" "50%intRnd"
"1" 0 12866 12866 38 38 122 122 382 382 0.788111216798717 0.788109789049331 3.14714538929887 3.14714538929887 4.12681604940652 4.12681604940652 9 9 9 9 16 16
"2" 1 12864 12769.33 38 37.97 121 121 381 378.95 0.788093752510749 0.788143083522505 3.14747921165417 3.14711551718775 4.12023420414381 4.10740780912396 9 9.04 9 9.02 16 15.96
"3" 2 12862 12654.3 38 37.96 120 120 380 375.29 0.788126888091482 0.788112210578387 3.1478131378261 3.14971845333958 4.11989979833984 4.07748028850256 9 9.06 9 9.01 16 15.92
"4" 3 12860 12551.3 38 37.95 119 119 379 371.92 0.788184548116522 0.788509129376057 3.14814716786308 3.14586818034011 4.11842437677637 4.04261611661112 9 9.08 9 9.01 16 15.8
"5" 4 12858 12456.49 38 37.93 118 118 378 369.29 0.78816964876428 0.788395761134445 3.1484813018136 3.15246165291278 4.1119550308443 4.02066564101994 9 9.11 9 8.91 16 15.65
"6" 5 12856 12310.72 38 37.87 117 117 377 366.5 0.788245646496927 0.787606240091075 3.14881553972614 3.16020817541335 4.10559962552283 4.01307773897889 9 9.1 9 8.8 16 15.52
"7" 6 12854 12217.21 38 37.86 116 116 376 363.1 0.788265116442278 0.787776390853229 3.14914988164923 3.16197233053244 4.10125107074479 3.98348511589372 9 9.1 9 8.66 16 15.36
"8" 7 12852 12060.72 38 37.83 115 115 375 360.09 0.788260147983581 0.787556922990548 3.14948432763144 3.15272228194784 4.09696336090539 3.97595870221112 9 8.99 9 8.62 16 15.19
"9" 8 12850 11949.85 38 37.83 114 114 374 357.02 0.788249514609329 0.787732563389498 3.14981887772134 3.15177240101128 4.0927360637345 3.95540289785019 9 8.94 9 8.51 16 15.04
"10" 9 12847 11854.33 38 37.82 113 113 373 354.1 0.788327695216766 0.78772718997879 3.15032089816449 3.15859642266504 4.0900769650865 3.93271443733871 9 8.91 9 8.38 16 14.87
"11" 10 12844 11739.51 38 37.8 112 112 372 350.55 0.788390878927061 0.787834465879475 3.15082315312358 3.1563803054731 4.08392694148781 3.91089484640702 9 8.89 9 8.36 16 14.72
"12" 11 12841 11659.71 38 37.79 111 111 371 347.63 0.78847892047941 0.787790967962933 3.15132564276297 3.16208876460039 4.07787189730068 3.87898836246132 9 8.85 9 8.24 16 14.62
"13" 12 12838 11567.61 38 37.76 110 110 370 344.83 0.788664007089405 0.787988270223393 3.15182836724718 3.15890525418849 4.07437468947345 3.86104343445203 9 8.77 9 8.22 16 14.47
"14" 13 12835 11463.28 38 37.74 109 109 369 341.28 0.788680034033026 0.788685537333321 3.15233132674088 3.14893832851077 4.07181728246346 3.82713647496934 9 8.71 9 8.16 16 14.32
"15" 14 12832 11352.33 38 37.73 108 108 368 338.05 0.788648506758112 0.789334849810635 3.15283452140892 3.13660671933101 4.06923767636256 3.79351560093036 9 8.67 9 8.11 16 14.21
"16" 15 12828 11222.28 38 37.7 107 107 366 334.52 0.788645426810504 0.789428077401914 3.15319399584653 3.13472855812993 4.06116911805539 3.77145367966552 9 8.59 9 8.01 16 14.05
"17" 16 12824 11125.32 38 37.67 106 106 364 331.55 0.788622305891146 0.789066319070247 3.15355369453519 3.14121868269761 4.05503111865927 3.7514341400531 9 8.57 9 7.89 16 13.97
"18" 17 12820 11030.35 38 37.65 105 105 363 327.76 0.788600303217289 0.789869392448637 3.15422563016531 3.13143706700907 4.0520804764841 3.72418820336615 9 8.48 9 7.8 16 13.84
"19" 18 12816 10945.97 38 37.61 104 104 361 324.82 0.788694578656452 0.789980117752742 3.15458587536823 3.13518522150981 4.04306281426196 3.69738965235082 9 8.45 9 7.68 16 13.73
"20" 19 12812 10840.81 38 37.61 103 103 360 321.63 0.788668412409511 0.789278388490674 3.15525855281917 3.14280132716914 4.04027054211255 3.67977731287093 9 8.4 9 7.66 16 13.65
"21" 20 12808 10697.74 38 37.56 102 102 359 318.29 0.788648962837332 0.789573809403505 3.15593165043092 3.13547633674124 4.03847307325715 3.66101142047646 9 8.29 9 7.59 16 13.45
"22" 21 12804 10564.89 38 37.52 101 101 358 315.78 0.788571639790824 0.789031703193681 3.15660516859725 3.14397401533527 4.03732318946128 3.64741310904112 9 8.27 9 7.58 16 13.34
"23" 22 12800 10469.4 38 37.49 100 100 357 312.73 0.78863126917081 0.789357321413486 3.15727910771244 3.14690965698359 4.03003954906827 3.61845433436466 9 8.23 9 7.44 16 13.14
"24" 23 12795 10386.11 38 37.47 99 99 356 309.86 0.788489189561738 0.789556505739977 3.15812212416719 3.14378188293057 4.02142002886107 3.59736669119153 9 8.15 9 7.37 16 13.04
"25" 24 12790 10268.69 38 37.42 98 98 354 306.6 0.788662355868639 0.789435761872022 3.1585904550585 3.14453290982582 4.00749641443816 3.57525080075096 9 8.09 9 7.31 16 12.92
"26" 25 12785 10148.07 38 37.36 97 97 352 303.46 0.788746383620926 0.78937750552684 3.15905915226259 3.14427169186108 3.994527010932 3.55465692509693 9 8.02 9 7.2 16 12.82
"27" 26 12780 10046.2 38 37.32 96 96 351 300.64 0.788614693765878 0.789096529983226 3.15990385459133 3.15137116862913 3.99449690679553 3.52997705154979 9 8.01 9 7.16 16 12.69
"28" 27 12775 9940.98 38 37.26 95 95 350 297.61 0.788579507993983 0.788837181896642 3.1607492181352 3.16059678942711 3.99095449780702 3.50818449247223 9 7.96 9 7.06 16 12.55
"29" 28 12769 9810.47 38 37.21 94 94 349 294.18 0.78848804344975 0.788871411844398 3.16176452828547 3.15479930017038 3.98081226827532 3.49137949382037 9 7.83 9 6.98 16 12.41
"30" 29 12763 9658.1 38 37.17 93 93 348 290.41 0.78834458047937 0.789937698970323 3.16278079304843 3.14345778332555 3.97116874845843 3.45921985021736 9 7.77 9 6.95 16 12.26
"31" 30 12757 9570.1 38 37.16 92 92 346 286.98 0.788279221733954 0.790344063859848 3.16337947575669 3.14569482545327 3.96796418903913 3.43045856108676 9 7.73 9 6.89 16 12.09
"32" 31 12751 9467.4 38 37.1 91 91 345 283.99 0.788195357286253 0.790388532077111 3.16439745684481 3.14455930024983 3.95819651196136 3.40366385051822 9 7.7 9 6.81 16 11.93
"33" 32 12744 9379.04 38 37.04 90 90 343 281.32 0.788200763032911 0.790233478803976 3.16513647148827 3.15281210860799 3.95605410083801 3.38242754916982 9 7.68 9 6.72 16 11.85
"34" 33 12737 9292.31 38 37.03 89 89 342 278.68 0.788217968415759 0.790276218191471 3.16632638711208 3.15837443033537 3.93742744620815 3.36052177511852 9 7.63 9 6.62 16 11.68
"35" 34 12730 9199.01 38 37 88 88 340 275.31 0.788228830653255 0.790280076454034 3.16706727518185 3.16534831477883 3.92892618395118 3.33268365463938 9 7.62 9 6.49 16 11.58
"36" 35 12723 9088.92 38 36.97 87 87 338 272.01 0.788600464400873 0.790891471030458 3.16772058702779 3.16274941312824 3.91615023754096 3.30315300523089 9 7.54 9 6.39 16 11.47
"37" 36 12715 8992.57 38 36.95 86 86 337 267.97 0.78855065993591 0.792284723860993 3.16908446942624 3.15005286968793 3.91271831260802 3.26153984082196 9 7.43 9 6.32 16 11.28
"38" 37 12706 8924.33 38 36.93 85 85 336 265.08 0.788468096649141 0.792640035104362 3.17062089003263 3.1551745833589 3.90712562622888 3.23515261634642 9 7.35 9 6.29 16 11.13
"39" 38 12697 8848.73 38 36.89 84 84 335 261.77 0.788643650276508 0.793441661083323 3.17215948875755 3.15446849365991 3.89528276442862 3.2027642156753 9 7.32 9 6.16 16 10.98
"40" 39 12688 8726.16 38 36.83 83 83 334 258.04 0.788662088042932 0.793653056238357 3.17370027023602 3.15271371997337 3.89586837439378 3.17033308228526 9 7.25 9 6.03 16 10.82
"41" 40 12678 8604.91 38 36.78 82 82 333 254.9 0.788886919857455 0.793623373509812 3.17541481533007 3.15763353257126 3.88197842633325 3.15164727940522 9 7.18 9 5.92 16 10.68
"42" 41 12668 8511.77 38 36.76 81 81 330 251.76 0.789190826407435 0.794338449175669 3.17565452872432 3.15371964675063 3.85932069639149 3.12090053450829 9 7.15 9 5.88 16 10.54
"43" 42 12658 8397.54 38 36.67 80 80 329 248.75 0.789330369562483 0.793471833124296 3.17737332674038 3.15895341693423 3.8473558430472 3.10922800272609 9 7.12 9 5.85 16 10.49
"44" 43 12648 8299.28 38 36.61 79 79 328 245.77 0.789614686471049 0.793951269140911 3.17909484265336 3.15357551712166 3.83414454109143 3.08543519016634 9 7.06 9 5.78 16 10.36
"45" 44 12637 8223.37 38 36.56 78 78 326 243.27 0.789678661871425 0.793837055649879 3.18046360933154 3.16265806112904 3.81583921077984 3.06191381935327 9 7 9 5.68 16 10.22
"46" 45 12626 8115.66 38 36.51 77 77 325 240.53 0.789523570377373 0.794119902842878 3.18236326874091 3.1628835937905 3.81037424039768 3.03619930865265 9 6.92 9 5.66 16 10.16
"47" 46 12615 8023.65 38 36.43 76 76 322 237.45 0.78970105413726 0.794311647273912 3.1827799393867 3.1679700630865 3.79230475661121 3.01684485489453 9 6.87 9 5.62 16 10.07
"48" 47 12603 7881.76 38 36.39 75 75 321 234.41 0.789777544950093 0.794928092457609 3.18485828258059 3.1382945454198 3.77743060062356 2.99627167648459 9 6.78 9 5.56 16 9.93
"49" 48 12591 7777.52 38 36.33 74 74 318 231.56 0.790233171964725 0.794863107269659 3.18527324470457 3.15106398000219 3.75285917244222 2.97483862075944 9 6.75 9 5.45 16 9.77
"50" 49 12579 7663.35 38 36.31 73 73 317 228.27 0.790206701891943 0.795359943570964 3.18735793179706 3.15146627806104 3.74016818023612 2.94918022382391 9 6.62 9 5.37 16 9.62
"51" 50 12566 7572.96 38 36.21 72 72 315 225.57 0.790332682279458 0.794974651110702 3.18859241678252 3.16515375381815 3.7216848410589 2.92880879390993 9 6.56 9 5.25 16 9.52
"52" 51 12552 7445.56 38 36.18 71 71 314 222.32 0.790385894687545 0.795303252326201 3.19103348544368 3.17129128782504 3.70673406615654 2.90536200321604 9 6.49 9 5.19 16 9.44
"53" 52 12537 7372.13 38 36.11 70 70 311 219.61 0.790414498484131 0.795565789540715 3.19228087333189 3.16763790050797 3.68812748728338 2.88493187016222 9 6.45 9 5.1 15 9.32
"54" 53 12522 7240.9 38 36.06 69 69 309 216.07 0.790266530412518 0.796949133176597 3.19433087890897 3.14402840413787 3.66515000002479 2.85721490477684 9 6.36 9 5.06 15 9.17
"55" 54 12507 7113.35 38 35.98 68 68 307 213.31 0.790592621182043 0.796682755639672 3.19618377647487 3.14450131197702 3.6331374910024 2.84063916029088 9 6.33 9 5.07 15 9.04
"56" 55 12492 6990.58 38 35.95 67 67 302 210.34 0.791231522103379 0.796178550286846 3.19428375339368 3.1510795820953 3.61409642157142 2.81840628743054 9 6.26 9 4.94 15 8.93
"57" 56 12476 6889.81 37 35.88 66 66 301 207.53 0.790703591830068 0.79525946833666 3.19709783964362 3.16803433242939 3.61744890175298 2.80480570160349 9 6.22 9 4.88 15 8.84
"58" 57 12458 6770.14 37 35.81 65 65 300 203.96 0.790358130096269 0.79654609089773 3.20027232680959 3.16418815250815 3.60487211220045 2.7731312654701 9 6.17 9 4.86 15 8.69
"59" 58 12440 6653.58 37 35.77 64 64 294 200.86 0.790967944855636 0.796672802493134 3.19742531418084 3.15283833392992 3.58157772309785 2.75496282237141 9 6.07 9 4.78 15 8.54
"60" 59 12422 6543.93 37 35.73 63 63 293 197.85 0.791458605645683 0.797043568778228 3.20060947580178 3.16585425391551 3.54735193470593 2.73268526206516 9 6.05 9 4.7 15 8.48
"61" 60 12402 6450.72 37 35.63 62 62 292 194 0.79158682708189 0.799182878189504 3.20415827353731 3.14710667072209 3.54284819781313 2.70088659259904 9 5.98 8 4.62 15 8.31
"62" 61 12381 6326.12 37 35.59 61 61 288 191.02 0.791980500739637 0.798934778375291 3.20333181874727 3.1570377859159 3.51356393325226 2.68024421327791 9 5.84 8 4.55 15 8.17
"63" 62 12356 6242.44 37 35.56 60 60 284 188.05 0.793065974952594 0.79987195237104 3.20445881462506 3.15121752939204 3.49274040271451 2.64976478838239 9 5.79 8 4.5 15 8.02
"64" 63 12330 6135.7 37 35.5 59 59 280 184.81 0.793671354248866 0.799963942789266 3.20486724769269 3.15441087457663 3.46635635846711 2.62823983011415 9 5.66 8 4.41 15 7.88
"65" 64 12303 6021.41 37 35.41 58 58 279 181.44 0.794080381656391 0.802029068944403 3.20970601999926 3.13115419410527 3.44647820281587 2.58933071718079 9 5.65 8 4.33 15 7.69
"66" 65 12276 5951.6 37 35.3 57 57 277 178.15 0.793180708042167 0.803191659721444 3.21390142332136 3.12798028297488 3.41784398972372 2.56100364836397 9 5.6 8 4.27 15 7.58
"67" 66 12247 5855.16 37 35.25 56 56 270 175.29 0.794434277985309 0.804358147500836 3.20800663276098 3.12269449594036 3.36988785590879 2.53301686930237 9 5.53 8 4.18 15 7.48
"68" 67 12215 5756.89 37 35.21 55 55 267 172.09 0.79496225042631 0.805342991926382 3.21073489063401 3.10858103964123 3.32039542374824 2.50159023306069 9 5.41 8 4.08 15 7.35
"69" 68 12183 5649.37 37 35.13 54 54 266 168.61 0.795839226021414 0.806496796963572 3.21654163088684 3.11242866652814 3.31669043893328 2.47149987742725 9 5.34 8 3.98 15 7.1
"70" 69 12149 5518.03 37 35.03 53 53 265 164.83 0.794889431291644 0.808197793519502 3.2227448093748 3.09079426376325 3.29999952014287 2.4431564339796 9 5.18 8 3.87 15 6.95
"71" 70 12114 5432.86 37 34.99 52 52 263 161.76 0.795628474732006 0.808751612766614 3.2265606948998 3.10055510738409 3.28875491192372 2.41758272006629 9 5.12 8 3.8 15 6.77
"72" 71 12078 5350.85 37 34.89 51 51 260 158.8 0.796620207672464 0.809333576986655 3.2316148586694 3.10437281490769 3.27754710678591 2.39514655903741 9 5.09 8 3.73 15 6.72
"73" 72 12039 5238.73 37 34.8 50 50 252 155.72 0.79910118924527 0.811835679790022 3.22305770201975 3.06462251042934 3.23277922485799 2.36808044047562 9 4.99 8 3.75 14 6.58
"74" 73 11992 5122.84 37 34.71 49 49 245 151.74 0.801555084605497 0.814345003246389 3.21615677638641 3.03501357984942 3.19631076851984 2.32896394068357 9 4.89 8 3.63 14 6.42
"75" 74 11943 4994.61 37 34.6 48 48 243 148.26 0.801156997492061 0.814990266686634 3.22316917040969 3.04802726099477 3.17379394741271 2.30175872350736 9 4.8 8 3.48 14 6.25
"76" 75 11888 4854.75 37 34.45 47 47 238 145.34 0.802403140833355 0.815886287997602 3.21895801027445 3.01941047436965 3.11595768714115 2.28517659232364 9 4.75 8 3.49 14 6.14
"77" 76 11833 4754.04 37 34.26 46 46 229 141.92 0.805089992712326 0.817003369056961 3.20917070186435 3.00863962950851 3.06998332314155 2.26114190337088 9 4.67 8 3.44 14 6.07
"78" 77 11776 4673.27 37 34.1 45 45 228 138.68 0.806183659935065 0.818019814978885 3.21986386847494 3.01202673439787 3.04745361828539 2.23371246919463 9 4.55 8 3.39 14 5.91
"79" 78 11717 4566.84 37 33.99 44 44 225 136.18 0.805914394697017 0.818829418390367 3.22750625785608 3.00506856448123 3.04330543357476 2.20577012854101 9 4.47 8 3.27 14 5.76
"80" 79 11656 4480.47 37 33.83 43 43 215 133.22 0.809458030372855 0.820029165227665 3.20481172015882 2.99014438943202 2.96422595703707 2.18153289855553 9 4.41 8 3.24 14 5.63
"81" 80 11595 4374.31 37 33.7 42 42 213 130.03 0.808233030694609 0.820592622018054 3.21527125865449 3.00012856328399 2.96458472753587 2.15800412453109 9 4.32 8 3.16 14 5.51
"82" 81 11529 4277.87 37 33.56 41 41 212 127.25 0.806927246666811 0.822857415590228 3.22795300928952 2.98683284105554 2.94343143617316 2.12715790559257 9 4.25 7 3.06 13 5.38
"83" 82 11458 4181.9 37 33.37 40 40 208 123.89 0.806645718764309 0.824835246541892 3.23719868761627 2.97460238401101 2.87304194769377 2.09570990257853 9 4.15 7 3.04 13 5.22
"84" 83 11382 4080.69 37 33.1 39 39 206 120.76 0.806855457509219 0.826628125359506 3.2467752770981 2.95891819593502 2.8622819368665 2.06703176896974 9 4.12 7 2.99 13 5.06
"85" 84 11306 3985.5 37 32.94 38 38 205 117.71 0.805900908063954 0.828141567480832 3.26187831274815 2.96502848101257 2.85225977908284 2.04150615035004 8 4.04 7 2.89 13 5
"86" 85 11225 3854.84 37 32.75 37 37 195 114.14 0.807355651554845 0.830135976489714 3.23388918828242 2.94125292909378 2.76370427287266 2.00463393055426 8 3.9 7 2.82 13 4.82
"87" 86 11142 3732.58 37 32.53 36 36 190 111.1 0.806721665103692 0.830365597577221 3.23768318149134 2.92489831787395 2.71411394510739 1.98831658951147 8 3.75 7 2.74 13 4.64
"88" 87 11057 3658.38 37 32.35 35 35 186 108.42 0.811379735707569 0.831964693006434 3.24864446117131 2.93635279735118 2.64452552360058 1.95773438741196 8 3.66 7 2.61 12 4.5
"89" 88 10966 3549.37 37 32.26 34 34 177 105.63 0.814115691315006 0.832445794535988 3.2474494478223 2.94126304160655 2.58333380233785 1.93343498251287 8 3.58 7 2.61 12 4.42
"90" 89 10865 3445.75 36 32.01 33 33 162 102.62 0.820294541071131 0.831562921829323 3.16392375196043 2.97008875139261 2.49666439068573 1.91640954448069 8 3.46 7 2.5 12 4.33
"91" 90 10764 3365.97 34 31.78 32 32 147 99.99 0.825913640420895 0.833491065612569 3.08838504847547 2.96888151998547 2.41835473185904 1.8925052435177 8 3.41 7 2.41 12 4.23
"92" 91 10662 3272.22 34 31.45 31 31 144 96.8 0.823751297379385 0.834383140521871 3.09817851531264 2.98819232820034 2.34383759686276 1.86766239236194 8 3.4 6 2.34 12 4.15
"93" 92 10556 3200.25 34 31.24 30 30 143 93.75 0.820334034259712 0.836879873153099 3.11924775769831 2.97577085010144 2.3329888171566 1.83359188062014 8 3.28 6 2.25 11 4.03
"94" 93 10448 3112.87 33 30.94 29 29 129 90.1 0.828582105666839 0.840927156839412 3.02913520248274 2.94735492051386 2.2480077414759 1.79439174794202 8 3.17 6 2.16 11 3.87
"95" 94 10339 3028.98 33 30.65 28 28 128 86.74 0.826304971985412 0.844876433713693 3.05052757476929 2.9483649187155 2.23129570842984 1.75418870446351 8 3.09 6 2.04 11 3.71
"96" 95 10226 2910.48 32 30.36 27 27 127 83.7 0.822747971789434 0.845579773514305 3.07318644587714 2.97386998576826 2.24490185111052 1.735346546414 8 3.03 6 1.97 11 3.57
"97" 96 10103 2810.5 32 30.11 26 26 123 80.8 0.833547795506868 0.847767645550644 3.06810711850111 2.99633424775582 2.10649063148701 1.71054996328389 8 3.01 6 1.94 11 3.48
"98" 97 9965 2689.59 32 29.72 25 25 121 78.02 0.836055031282499 0.848083933914356 3.08789285855789 3.00357460531245 1.99493635996497 1.6978054637479 8 2.9 6 1.84 10 3.42
"99" 98 9824 2585.69 32 29.45 24 24 117 74.93 0.846302172584051 0.850146263038256 3.07766636838283 3.0010825699399 1.88255773519268 1.67108476973059 8 2.79 6 1.77 10 3.32
"100" 99 9668 2423.5 32 28.97 23 23 116 71.5 0.842695966238267 0.848478357287481 3.11119098086398 3.01040359616643 1.89352998232331 1.66303261625817 8 2.69 5 1.77 10 3.26
"101" 100 9505 2331.56 31 28.62 22 22 115 68.67 0.837743799113524 0.850262519130331 3.14739551846322 3.01180550699627 1.90885301095232 1.63616927472159 7 2.58 5 1.66 9 3.12
"102" 101 9324 2248.45 31 28.28 21 21 111 65.86 0.85208125530905 0.852997462014797 3.17273755350532 3.02108775972681 1.81275704410785 1.6074464184165 8 2.48 5 1.54 9 3.01
"103" 102 9142 2115.13 31 27.7 20 20 107 62.81 0.86364176319958 0.853906183269069 3.19882867785273 3.02570720845229 1.74881576959098 1.57779197363212 8 2.33 5 1.43 9 2.81
"104" 103 8944 2032.5 31 27.15 19 19 104 59.41 0.865341788841116 0.857836962000594 3.24085443274286 3.03960539475448 1.72570586072271 1.53742048081521 7 2.28 5 1.35 9 2.71
"105" 104 8730 1929.44 31 26.53 18 18 94 56.02 0.888213605144743 0.859425128504483 3.16402602265162 3.05035480695771 1.56124847086849 1.5136592754411 7 2.18 4 1.22 8 2.57
"106" 105 8494 1816.09 31 25.99 17 17 92 52.73 0.883513051632631 0.862262279768603 3.22276052101655 3.01732097544045 1.57063016918658 1.48277123397106 7 2.08 4 1.15 8 2.48
"107" 106 8254 1676.12 30 25.29 16 16 80 49 0.914912586476671 0.867674892572343 3.03711299142574 3.01023950063016 1.4032387125888 1.44453911994477 7 1.94 4 1.02 7 2.32
"108" 107 8007 1563.94 29 24.63 15 15 79 45.91 0.90863772911308 0.873083546843201 3.0999538692679 2.92916743574038 1.41567782361783 1.40907675273362 6 1.8 4 0.97 7 2.14
"109" 108 7757 1448.29 29 23.79 14 14 78 42.76 0.904822057823682 0.87159563855627 3.16763318695734 2.91280824270011 1.41807172844695 1.39510963454224 6 1.71 3 0.89 7 2.03
"110" 109 7471 1361.56 29 23.05 13 13 77 40.16 0.897587841111322 0.869043256771073 3.25061312156714 2.97539907524517 1.42848530193283 1.38431313588247 6 1.61 3 0.8 6 1.9
"111" 110 7174 1243.95 29 22.3 12 12 71 37.27 0.905782404748836 0.872479945427747 3.29704194232506 3.00001884173459 1.38659056946757 1.36148221891768 5 1.53 3 0.77 6 1.87
"112" 111 6867 1161.54 29 21.32 11 11 61 34.45 0.943572534566613 0.878459376037529 3.117641526755 2.94102119190945 1.22262460663893 1.33817333294798 5 1.48 3 0.73 5 1.76
"113" 112 6552 1038.11 29 20.11 10 10 55 31.23 0.944742920596984 0.882688850873426 3.19613745220017 2.9294528984205 1.2162771775053 1.31381595744955 5 1.36 2 0.68 5 1.66
"114" 113 6209 934.54 29 19.22 9 9 54 28.72 0.931206222180966 0.887572876605103 3.31745733400153 2.9196521056757 1.21313138009065 1.28365304351658 4 1.21 2 0.59 4 1.48
"115" 114 5794 835.92 24 17.91 8 8 49 25.9 0.924935737064548 0.888693486655087 3.37268585601384 2.94707175771926 1.22839708991765 1.25613579026675 4 1.15 2 0.57 4 1.38
"116" 115 5348 747.37 24 16.64 7 7 48 23.16 0.924552301506086 0.886885105788904 3.57055756352734 2.97494889322599 1.20644964583579 1.23728872969152 3 1.09 1 0.49 3 1.33
"117" 116 4882 674 24 15.14 6 6 37 19.89 0.977266922507802 0.903078902765807 3.52463952673048 2.87031063160938 1.05287167607433 1.19620004083504 3 0.95 1 0.44 3 1.19
"118" 117 4398 563.71 21 13.18 5 5 33 16.39 0.96929557373092 0.911287816130853 3.67981078857367 2.81821015032949 1.05624258595086 1.15019837849309 2 0.85 1 0.3 2 0.97
"119" 118 3893 416.62 20 11.21 4 4 32 12.89 0.962389866845127 0.936137996861108 4.0274358716021 2.82757433554737 1.06353837477829 1.10305690008916 2 0.79 1 0.19 2 0.86
"120" 119 3311 320.66 18 8.82 3 3 27 9.68 0.953961061981883 0.931911717775204 4.50806126009555 2.77895798589474 1.05439298602153 1.07465966983705 1 0.57 1 0.09 1 0.62
"121" 120 2709 205.82 12 5.81 2 2 12 6.14 1 NA 4.65453377441868 2.66712228728526 1 1.04827751638559 1 0.51 0 0 1 0.55
"122" 121 0 0 0 0 0 0 0 0 0 0 0 0 0 0 0 0 0 0 0 0
"123" 122 0 0 0 0 0 0 0 0 0 0 0 0 0 0 0 0 0 0 0 0
