"Obj" "AbuOrd" "AbuRnd" "RowSpO" "RowSpR" "ColSpO" "ColSpR" "IntOrd" "IntRnd" "H2Ord" "H2Rnd" "GenOrd" "GenRnd" "VulOrd" "VulRnd" "50%rOrd" "50%rRnd" "50%cOrd" "50%cRnd" "50%intRnd" "50%intRnd"
"1" 0 12866 12866 38 38 122 122 382 382 0.788111216798717 0.788109789049331 3.14714538929887 3.14714538929887 4.12681604940652 4.12681604940652 9 9 9 9 16 16
"2" 1 12864 12520.16 37 37 122 120.86 381 372.11 0.78836675401982 0.790488592089471 3.14544173293315 3.07366366250258 4.12730218374256 4.14194268269389 9 9.04 9 9.09 16 15.85
"3" 2 12856 12179.4 36 36 122 119.25 378 361.37 0.78889912078014 0.792943065744029 3.12943695877103 3.00389679136235 4.12811044451356 4.13260458110812 9 9 9 8.96 16 15.39
"4" 3 12846 11871.88 35 35 122 117.48 374 351.32 0.789526933453809 0.794731298076415 3.11802960239673 2.95653628862209 4.12827224354524 4.12189235772341 9 8.66 9 8.79 16 14.87
"5" 4 12827 11527.22 34 34 120 115.81 369 341.76 0.789552374415759 0.795789860100446 3.11122408913652 2.89211737443289 4.12842292901885 4.13294143131428 9 8.32 9 8.69 16 14.51
"6" 5 12806 11138.72 33 33 118 114.14 367 331.86 0.788860895879698 0.79683904831859 3.11468619329644 2.84446969089417 4.13235386104998 4.13124997042236 9 8.09 9 8.55 16 14.03
"7" 6 12737 10816.82 32 32 117 112.57 361 322.58 0.789239208001649 0.797674007881391 3.10380294932914 2.79274335663175 4.13992703334075 4.14950456799082 9 7.86 9 8.37 16 13.68
"8" 7 12651 10499.04 31 31 116 110.79 354 312.69 0.788340216769917 0.799143600456175 3.08981416682172 2.7467642556504 4.14643937009413 4.14275908746701 9 7.56 9 8.15 16 13.21
"9" 8 12536 10153.7 30 30 114 109.07 352 301.87 0.784905663701308 0.80142471503681 3.1089852444529 2.67602616230653 4.17446257779211 4.13617212295593 9 7.41 9 8.01 15 12.78
"10" 9 12362 9781.16 29 29 113 107.48 339 291.94 0.792179003549702 0.802871793176194 2.92138342080095 2.62460038680881 4.15639202715867 4.13802409318094 9 7.08 9 7.79 15 12.38
"11" 10 12181 9424.76 28 28 112 104.97 328 280.11 0.798316028664745 0.804938678935097 2.770068872661 2.56983203850509 4.14198512065239 4.10688016193929 9 6.85 9 7.49 15 11.79
"12" 11 11970 9100.53 27 27 112 102.67 311 269.92 0.809466808383245 0.80594109867528 2.59876693812038 2.52067116847681 4.0317507540136 4.09902097966981 8 6.6 9 7.33 14 11.29
"13" 12 11756 8794.94 26 26 111 100.83 296 260.19 0.818144537679939 0.807117184928039 2.44931226441191 2.46359775357511 3.97098455332728 4.09957425581451 8 6.36 9 7.19 14 11
"14" 13 11522 8478.41 25 25 111 98.61 291 250.65 0.82512488014185 0.807913023920054 2.37188895812151 2.41791136680415 4.00722371328352 4.11294765794249 8 6.07 9 6.96 13 10.52
"15" 14 11283 8143.42 24 24 107 96.74 274 240.9 0.835163711386544 0.809430477354894 2.1870319431327 2.37326499829787 3.94410727281762 4.10897888200212 8 5.86 9 6.67 13 10.12
"16" 15 11036 7788.24 23 23 105 94.63 248 230.9 0.849593688353304 0.810138578505797 2.0267046466747 2.33131969169585 3.74342468909456 4.11299166488081 7 5.59 9 6.5 12 9.76
"17" 16 10754 7476.74 22 22 103 92.47 245 221.3 0.843602207146935 0.812344611774819 2.05264930958152 2.27409403125548 3.80202157779373 4.11309658155911 7 5.3 8 6.34 12 9.35
"18" 17 10463 7129.03 21 21 99 90.48 237 211.75 0.838591893528966 0.812917959037369 2.06433665547274 2.22454370611421 3.83057369033774 4.13469342253785 7 5.06 8 6.14 11 8.96
"19" 18 10171 6793.74 20 20 99 87.92 232 201.53 0.845344860435832 0.815293084767904 2.03603410698312 2.17075225654881 3.89139903389699 4.13816133685594 7 4.76 8 5.96 11 8.44
"20" 19 9863 6447.41 19 19 95 85.53 227 191.34 0.838190244308909 0.818040385192872 2.0667085219328 2.1162045522574 3.94383913984814 4.12118935374752 6 4.54 7 5.63 10 8.05
"21" 20 9534 6120.2 18 18 94 82.77 216 181.47 0.851084776604208 0.820025597237652 1.88560107865384 2.07309160807749 3.91137692669588 4.11342277939238 6 4.36 7 5.42 10 7.65
"22" 21 9204 5798.6 17 17 94 80.71 212 171.42 0.853159390209922 0.823603398009958 1.8575355321945 2.00418978414722 4.00350135845447 4.10922687042124 6 4.05 7 5.23 9 7.14
"23" 22 8873 5471.46 16 16 94 78.15 204 161.21 0.853267177248926 0.826350254821518 1.84275070502827 1.9381040738595 4.08592286043679 4.11200445955651 5 3.72 6 4.95 8 6.71
"24" 23 8508 5121.54 15 15 92 75.46 191 150.4 0.851747125132994 0.833648538682274 1.81282185679834 1.84255702181969 4.14068346554788 4.11231768322093 5 3.55 6 4.74 8 6.29
"25" 24 8143 4783.65 14 14 91 72.87 178 140.27 0.868317532916395 0.838767000210422 1.71033908795165 1.77004764127279 4.07965847764774 4.11443727247058 5 3.26 5 4.52 7 5.9
"26" 25 7762 4420.36 13 13 84 69.53 163 129.01 0.862867478306058 0.846418012292179 1.7109380759382 1.68627057481605 3.98421479876482 4.08574407319055 4 2.95 5 4.29 7 5.44
"27" 26 7333 4128.26 12 12 83 66.52 152 119.55 0.8734900663305 0.851036303721109 1.58403977542726 1.62977120821111 3.95020842674259 4.05898689876369 4 2.72 5 3.99 6 4.98
"28" 27 6899 3802.41 11 11 74 63.58 140 110.53 0.869596705862376 0.852310002025994 1.57776654180102 1.58101452548876 4.03432657337948 4.11532847229109 3 2.48 4 3.7 5 4.6
"29" 28 6463 3450.18 10 10 72 60.27 126 100.71 0.889938476423707 0.852367594857482 1.49422816436948 1.53749888936393 3.99196043124807 4.15650444039773 3 2.18 4 3.49 5 4.38
"30" 29 6019 3122.41 9 9 67 56.54 109 90.72 0.912292891756247 0.858802091445499 1.31918106219812 1.46727109431217 3.62271290035243 4.1470250030206 3 1.97 3 3.22 4 3.88
"31" 30 5541 2772.86 8 8 66 52.46 94 81.27 0.929437481549361 0.860637110222977 1.26115724633233 1.42545595823268 3.54688980448759 4.15582323626396 3 1.72 3 2.86 4 3.47
"32" 31 5056 2435.35 7 7 57 47.95 81 71.15 0.922469753452519 0.866479151889888 1.26593084622142 1.36993475790145 3.41366844586734 4.1620000519108 2 1.47 2 2.51 3 3.03
"33" 32 4561 2083.13 6 6 55 43.01 66 60.04 0.982380574419368 0.878092370858889 1.0414886131668 1.2867794814387 3.42199020706973 4.131405378235 2 1.17 3 2.25 3 2.6
"34" 33 4018 1718.65 5 5 53 37.71 60 49.43 0.984647695050427 0.886701115360083 1.03181732273159 1.22191917805069 3.6937776564204 4.06134384965031 2 0.89 2 1.86 2 2.15
"35" 34 3466 1397.23 4 4 53 32.02 59 39.64 0.98548489063763 0.892304650295974 1.02843476155566 1.17762350488714 4.12279244763334 3.9778959719747 1 0.69 2 1.48 2 1.69
"36" 35 2731 1023.06 3 3 38 25.71 38 29.78 1 0.902440666168695 1 1.12175464843859 3.84757414019274 4.01797387138093 1 0.43 1 1.24 1 1.36
"37" 36 1959 681.58 2 2 23 19.1 23 20.33 1 0.925709404826031 1 1.04797807960864 4.19128014672724 4.12702062868011 0 0 0 0.74 0 0.79
"38" 37 0 0 0 0 0 0 0 0 0 0 0 0 0 0 0 0 0 0 0 0
"39" 38 0 0 0 0 0 0 0 0 0 0 0 0 0 0 0 0 0 0 0 0
