"Obj" "AbuOrd" "AbuRnd" "RowSpO" "RowSpR" "ColSpO" "ColSpR" "IntOrd" "IntRnd" "H2Ord" "H2Rnd" "GenOrd" "GenRnd" "VulOrd" "VulRnd" "50%rOrd" "50%rRnd" "50%cOrd" "50%cRnd" "50%intOrd" "50%intRnd"
"1" 0 12866 12866 38 38 122 122 382 382 0.788111216798717 0.788109789049331 3.14714538929887 3.14714538929887 4.12681604940652 4.12681604940652 9 9 9 9 16 16
"2" 1 12864 12840.18 38 38 122 121.94 381 381 0.788223049749949 0.788664015995485 3.1466819342204 3.14210187304218 4.12421630604534 4.11721873276892 9 9.03 9 9 16 16
"3" 2 12862 12804.81 38 38 122 121.79 380 380 0.788317626358708 0.789039605456573 3.14647376600777 3.13524382048917 4.11797040604916 4.10858035538817 9 9.04 9 9.02 16 16
"4" 3 12860 12776.86 38 38 121 121.66 379 379 0.788303916593172 0.789407834011838 3.14680758774432 3.13036432411297 4.11138513787294 4.09840535219476 9 9.07 9 9.02 16 15.97
"5" 4 12858 12751.13 38 38 121 121.48 378 378 0.788497729895094 0.789853420317643 3.14568306213275 3.12541760970028 4.10683670010982 4.09057831642043 9 9.08 9 9.04 16 15.97
"6" 5 12856 12716.01 38 37.99 121 121.37 377 377 0.788651024279948 0.790354754879226 3.14424544660402 3.11969738053192 4.1035000194826 4.08330237895505 9 9.08 9 9.03 16 15.95
"7" 6 12854 12668.86 38 37.99 121 121.15 376 376 0.788917794617787 0.790409854950817 3.14295415542662 3.11083464413948 4.09567880938631 4.07911994543326 9 9.1 9 9.04 16 15.94
"8" 7 12852 12634 38 37.98 121 121.02 375 375 0.789104289740488 0.79066067159224 3.13940811330252 3.10635325494041 4.09250065964816 4.07132598515604 9 9.11 9 9.03 16 15.89
"9" 8 12850 12606.04 38 37.96 121 120.9 374 374 0.789292628904919 0.791003331115034 3.13609009232606 3.10341203208161 4.08899274924259 4.06363659344225 9 9.11 9 9.04 16 15.88
"10" 9 12848 12569.17 38 37.96 121 120.7 373 373 0.789382325537091 0.791217519524328 3.135861117927 3.09857863898993 4.08644439952176 4.0592543792104 9 9.11 9 9.01 16 15.83
"11" 10 12846 12531.96 38 37.96 121 120.53 372 372 0.789488050921411 0.79132606248757 3.13535934798779 3.09670313219188 4.08179339138777 4.05371286152562 9 9.11 9 9.01 16 15.81
"12" 11 12844 12507.47 38 37.96 121 120.32 371 371 0.789661146056159 0.791624806210527 3.13455546792155 3.09306411143855 4.07874975951086 4.04419765399556 9 9.11 9 8.97 16 15.76
"13" 12 12842 12468.8 38 37.96 120 120.15 370 370 0.78965903841502 0.791863043302812 3.13488790141601 3.08672061818875 4.07840837216154 4.03838796074897 9 9.09 9 9 16 15.75
"14" 13 12840 12430.65 38 37.96 120 119.93 369 369 0.789801334199047 0.792111809119479 3.13490891199255 3.07919946775609 4.07645920652012 4.03141527009857 9 9.08 9 8.96 16 15.69
"15" 14 12838 12396.62 38 37.95 119 119.74 368 368 0.789750875537636 0.792250141392344 3.13524150412715 3.07493487587966 4.07037664297741 4.02582818473003 9 9.08 9 8.94 16 15.64
"16" 15 12836 12373.44 38 37.94 119 119.62 367 367 0.789842264118539 0.792656721068394 3.1346866808771 3.07170976499265 4.06746573052991 4.01729928898876 9 9.08 9 8.91 16 15.61
"17" 16 12834 12345.12 38 37.94 119 119.44 366 366 0.789855170106341 0.79281686697398 3.13460331512307 3.06885252750394 4.06597914883739 4.00644940460028 9 9.09 9 8.91 16 15.61
"18" 17 12832 12315.1 37 37.94 119 119.26 365 365 0.790087281663054 0.793138090302815 3.13289345542567 3.06137020905736 4.06645701341794 3.99968986238325 9 9.07 9 8.93 16 15.54
"19" 18 12830 12277.49 37 37.94 118 119.17 364 364 0.790117095772803 0.793654501794798 3.13322594076557 3.05114331824856 4.06503249394776 3.99364386371044 9 9.08 9 8.93 16 15.46
"20" 19 12828 12242.95 37 37.94 117 119.05 363 363 0.790238278731939 0.793982111932933 3.13355852978034 3.04808123998662 4.05853969430945 3.98474935565696 9 9.05 9 8.92 16 15.41
"21" 20 12826 12218.4 37 37.93 117 118.86 362 362 0.790304715902141 0.794261513292065 3.13357935599737 3.04436212742056 4.05604217059282 3.97575225935306 9 9.04 9 8.87 16 15.37
"22" 21 12824 12200.84 37 37.93 116 118.72 361 361 0.790259173505988 0.794779897826333 3.13391210386948 3.03764842046573 4.05261934504087 3.96522473902741 9 9.04 9 8.86 16 15.3
"23" 22 12822 12170.52 37 37.93 116 118.56 360 360 0.790280003254886 0.795150747106092 3.13387054761357 3.03276164356799 4.04941173761175 3.95597538499207 9 9.02 9 8.86 16 15.24
"24" 23 12820 12140.65 37 37.93 116 118.45 359 359 0.790427175414153 0.795570371729876 3.13301517912996 3.02830791399064 4.04489948392612 3.94501218572663 9 9 9 8.81 16 15.17
"25" 24 12818 12100.5 37 37.93 116 118.29 358 358 0.790692602418804 0.795773318656469 3.13242590764643 3.02526725686353 4.03723510021038 3.93969111627604 9 8.99 9 8.8 16 15.12
"26" 25 12816 12072.38 37 37.93 116 118.06 357 357 0.790852281330312 0.796061178874858 3.13238410000709 3.02132768786658 4.02975473616856 3.93242186071489 9 8.98 9 8.77 16 15.05
"27" 26 12814 12047.76 37 37.93 115 117.9 356 356 0.790972966406907 0.796469532596911 3.13271692099976 3.0146337158565 4.02336567019367 3.92229284391304 9 8.96 9 8.72 16 15.01
"28" 27 12812 12010.97 37 37.93 115 117.74 355 355 0.791218558087322 0.79669876203124 3.12848101749738 3.01108958919401 4.01744343979413 3.91388416626225 9 8.94 9 8.74 16 14.98
"29" 28 12810 11977.96 37 37.91 115 117.58 354 354 0.791418391194666 0.79683653270155 3.12509067461878 3.00663891195084 4.01300521598804 3.90792528401483 9 8.93 9 8.68 16 14.94
"30" 29 12808 11953.66 37 37.9 115 117.48 353 353 0.791553849300053 0.797414318835733 3.1219563851052 3.00116363727962 4.00863519761746 3.89519674799051 9 8.91 9 8.69 16 14.91
"31" 30 12806 11918.35 37 37.9 115 117.31 352 352 0.791748112009674 0.79800715698314 3.12092269077311 2.98875030354415 4.00510030185558 3.88664334983475 9 8.92 9 8.67 16 14.89
"32" 31 12804 11893.81 37 37.9 114 117.16 351 351 0.791749649377199 0.798449546228768 3.12125398141522 2.98297163991122 4.00071906772842 3.87579816664936 9 8.9 9 8.68 16 14.84
"33" 32 12802 11855.2 37 37.9 114 117.04 350 350 0.791753678612921 0.798937230394405 3.11894214255041 2.97350016362935 3.99913563017923 3.86966998277125 9 8.88 9 8.65 16 14.78
"34" 33 12800 11817.52 37 37.9 114 116.88 349 349 0.791811274083213 0.799338825484753 3.1168998716869 2.96633074229144 3.99567251896865 3.86231733684527 9 8.89 9 8.64 16 14.72
"35" 34 12798 11778.06 37 37.88 114 116.71 348 348 0.792092638313766 0.799421665820634 3.11512207924199 2.96445086939883 3.98836023502873 3.85639192209468 9 8.86 9 8.56 16 14.67
"36" 35 12796 11752.41 37 37.88 114 116.54 347 347 0.792215863682186 0.799788762986357 3.11360281409104 2.9604717366556 3.98403611588779 3.84921305338171 9 8.82 9 8.55 16 14.61
"37" 36 12794 11696.58 37 37.87 114 116.32 346 346 0.792203163785741 0.79975488369307 3.11310567753786 2.95669576253377 3.9829618194994 3.8472037988333 9 8.78 9 8.5 16 14.53
"38" 37 12792 11661.64 37 37.87 114 116.18 345 345 0.792276861673729 0.800081469112927 3.11276966964524 2.94733708190531 3.97869753152812 3.8414131446741 9 8.76 9 8.48 16 14.5
"39" 38 12790 11633.19 37 37.87 114 116.06 344 344 0.792386214809766 0.800550389126344 3.11134499175214 2.9407547559799 3.97731248691029 3.83054254667271 9 8.75 9 8.46 16 14.42
"40" 39 12788 11607.49 37 37.87 114 115.9 343 343 0.792545834371984 0.800970470714563 3.11022457476252 2.93249009515251 3.97613041506865 3.8214152559637 9 8.72 9 8.44 16 14.38
"41" 40 12786 11567.84 37 37.87 114 115.73 342 342 0.792758267904686 0.801234641411934 3.10940529975185 2.92551704294716 3.96912573576988 3.8141819441471 9 8.7 9 8.44 16 14.3
"42" 41 12784 11524.41 37 37.84 114 115.56 341 341 0.792820385850873 0.801516474632796 3.1088820480967 2.91772792850122 3.96886369915557 3.81147226881505 9 8.69 9 8.45 16 14.27
"43" 42 12782 11494.21 37 37.84 114 115.42 340 340 0.792848287132208 0.802156137979066 3.10876352083294 2.90540399136268 3.96817765184201 3.80086670398124 9 8.67 9 8.44 16 14.25
"44" 43 12780 11465.4 37 37.84 114 115.29 339 339 0.79308058914548 0.802308517969409 3.10283645393337 2.90338830370312 3.96757850751545 3.79236563273919 9 8.67 9 8.43 16 14.26
"45" 44 12778 11410.88 37 37.83 114 115.07 338 338 0.79333830588879 0.8020159298593 3.09716488614757 2.90431342933777 3.96310850233193 3.79126423672955 9 8.61 9 8.4 16 14.22
"46" 45 12776 11387.06 37 37.83 114 114.89 337 337 0.793339643898285 0.802457885619876 3.09718009668078 2.89832973365712 3.96104695148691 3.78325575469201 9 8.6 9 8.39 16 14.19
"47" 46 12774 11359.16 37 37.82 113 114.74 336 336 0.793357657486204 0.802980138612683 3.09750844803457 2.89425207938269 3.95410922009198 3.77376341799891 9 8.57 9 8.35 16 14.15
"48" 47 12772 11319.6 37 37.82 113 114.62 335 335 0.793619557491684 0.803136473456184 3.09196486362183 2.8908769440684 3.9531407777903 3.76833769675594 9 8.56 9 8.3 16 14.13
"49" 48 12770 11286.31 37 37.82 113 114.44 334 334 0.793898462127161 0.803412349638131 3.08667010955251 2.88509320902342 3.95210435308285 3.75973631580867 9 8.58 9 8.28 16 14.08
"50" 49 12768 11252.65 37 37.82 113 114.31 333 333 0.794091518555214 0.804016559264204 3.08162177319117 2.88100496644037 3.95066635867951 3.74840403129157 9 8.58 9 8.24 16 13.98
"51" 50 12766 11222.87 37 37.82 113 114.2 332 332 0.794300933516891 0.804449867544371 3.07681731022137 2.87454184078869 3.94705680038817 3.73957196200511 9 8.53 9 8.24 16 13.94
"52" 51 12764 11196.05 37 37.81 113 114.01 331 331 0.79450806413454 0.804825939252064 3.07225403683366 2.87258294812119 3.94592035503394 3.72777381410511 9 8.54 9 8.24 16 13.92
"53" 52 12762 11157.13 37 37.81 113 113.92 330 330 0.794759976048088 0.805164988802075 3.06792912144869 2.8688483485845 3.94184492864714 3.72205858291575 9 8.54 9 8.22 16 13.89
"54" 53 12760 11139.25 37 37.8 113 113.78 329 329 0.794902267936154 0.805878139432926 3.06383957595852 2.86067262950755 3.94188759325594 3.7106118975169 9 8.5 9 8.22 16 13.85
"55" 54 12758 11114.28 37 37.77 112 113.63 328 328 0.794975914274763 0.806179456302387 3.06416311249653 2.85492529634807 3.93766723100758 3.7022939075029 9 8.49 9 8.2 16 13.8
"56" 55 12756 11078.44 37 37.76 112 113.49 327 327 0.795127795328991 0.806611254175828 3.06396362891766 2.84707381385244 3.93079161144361 3.69585235226491 9 8.48 9 8.18 16 13.76
"57" 56 12754 11059.55 37 37.76 112 113.38 326 326 0.79535893211856 0.807340654799585 3.06282305698362 2.83857882208389 3.92822604535888 3.68448125953263 9 8.49 9 8.17 16 13.71
"58" 57 12752 11027.24 37 37.74 112 113.24 325 325 0.795439699221755 0.807666164270591 3.06189875703093 2.83225956686215 3.92469022171591 3.67276153143349 9 8.47 9 8.13 16 13.66
"59" 58 12750 11001.94 37 37.73 112 113.09 324 324 0.795430608371893 0.808106489638241 3.06177256235897 2.82718907072723 3.92360072077069 3.6613456108445 9 8.46 9 8.14 16 13.62
"60" 59 12748 10964.88 37 37.72 112 112.97 323 323 0.795485555151409 0.808218660609405 3.06074410198082 2.82524428111883 3.9201860893958 3.65562143459962 9 8.44 9 8.12 16 13.55
"61" 60 12746 10933.69 37 37.72 111 112.86 322 322 0.795475533006465 0.808490299060047 3.06106745740244 2.82259535343509 3.91601967200672 3.64907881246051 9 8.43 9 8.09 16 13.49
"62" 61 12744 10891.35 37 37.7 111 112.64 321 321 0.795636654864896 0.808724461814045 3.05906813857481 2.81872494674989 3.91526608573314 3.64503076603725 9 8.41 9 8.08 16 13.46
"63" 62 12742 10846.12 37 37.7 111 112.48 320 320 0.795712361956848 0.808802600618106 3.05735669831496 2.81732116845866 3.90809334682868 3.6412956492245 9 8.4 9 8.06 16 13.38
"64" 63 12740 10827.63 37 37.7 111 112.32 319 319 0.795803917271823 0.809299724685608 3.05592842587801 2.80872481675631 3.90229963995882 3.63127897155712 9 8.36 9 8.04 16 13.33
"65" 64 12738 10812.17 37 37.7 111 112.15 318 318 0.795911809233633 0.809783083823838 3.05348402132872 2.80335040955096 3.89530534311802 3.62040238707442 9 8.36 9 8.02 16 13.31
"66" 65 12736 10774.52 37 37.68 111 111.98 317 317 0.796082675066272 0.81035351894996 3.05127631718729 2.79341490285564 3.89091164577701 3.61643184266259 9 8.36 9 8.02 16 13.32
"67" 66 12734 10747.97 37 37.67 111 111.7 316 316 0.796304074651569 0.810682568422638 3.0491002431247 2.78664546871063 3.88744541856672 3.60646920048548 9 8.34 9 7.99 16 13.29
"68" 67 12732 10729.28 37 37.66 111 111.5 315 315 0.796485213261624 0.811064591989479 3.04721063123041 2.78272952195545 3.88697002031652 3.59742970370346 9 8.31 9 7.95 16 13.27
"69" 68 12730 10686.81 37 37.66 111 111.35 314 314 0.79673072200662 0.811215144616208 3.04547904705717 2.7792342789704 3.88015011074731 3.59343972647379 9 8.29 9 7.96 16 13.21
"70" 69 12728 10656.07 37 37.65 111 111.1 313 313 0.796958540213406 0.81141966081039 3.04390084925776 2.77578783482312 3.87984771335059 3.58480935482148 9 8.28 9 7.97 16 13.2
"71" 70 12726 10620.23 37 37.64 111 110.96 312 312 0.797136090484715 0.811909156466598 3.04247125232038 2.76486382637125 3.87736221666667 3.57762586259648 9 8.28 9 7.99 16 13.18
"72" 71 12724 10587.42 37 37.64 111 110.75 311 311 0.797264505113676 0.811832546769931 3.04126392808402 2.76402148749455 3.87301307461767 3.5725197328091 9 8.28 9 7.96 16 13.18
"73" 72 12722 10552.77 37 37.62 111 110.52 310 310 0.797302296684462 0.811834090327082 3.04036553047973 2.76058284530817 3.86636630933968 3.56752420805874 9 8.27 9 7.96 16 13.16
"74" 73 12720 10521.17 37 37.62 111 110.33 309 309 0.79738925647269 0.812176228072936 3.0398419431743 2.75445722161845 3.86215340929095 3.56076926819657 9 8.26 9 7.91 16 13.09
"75" 74 12718 10482.34 37 37.61 111 110.12 308 308 0.797647691987253 0.812631875714159 3.03389803151264 2.74603440649654 3.85787996937152 3.55482413562149 9 8.24 9 7.88 16 12.99
"76" 75 12716 10437.8 37 37.59 111 109.95 307 307 0.797802395493914 0.812910276514296 3.02820298366583 2.73515726177474 3.85357495415782 3.55139862405917 9 8.23 9 7.89 16 12.98
"77" 76 12714 10408.39 37 37.59 111 109.71 306 306 0.798089419785875 0.813345435258592 3.02485880607477 2.7269211446287 3.85045395089983 3.5419347332872 9 8.19 9 7.87 16 12.92
"78" 77 12712 10387.31 37 37.59 111 109.51 305 305 0.798469486077003 0.81383814724516 3.02157281883404 2.71939041791957 3.84919190011069 3.53082991215008 9 8.18 9 7.9 16 12.89
"79" 78 12710 10342.94 37 37.56 111 109.33 304 304 0.798774734559165 0.813815002079858 3.01834449664873 2.71234045636517 3.84525938647229 3.52459065204685 9 8.13 9 7.87 16 12.85
"80" 79 12708 10304.18 37 37.54 111 109.08 303 303 0.798979957945072 0.813858225789988 3.01517331461112 2.7097028077975 3.84112924533181 3.51557275819351 9 8.12 9 7.88 16 12.81
"81" 80 12706 10259.77 37 37.53 111 108.93 302 302 0.799262544925628 0.81430524821444 3.01205874822971 2.70088812247382 3.8354881317072 3.51294859675345 9 8.09 9 7.88 16 12.71
"82" 81 12704 10205.71 37 37.52 111 108.68 301 301 0.7994717564626 0.814148083393849 3.01173324650888 2.70059233749703 3.8290042189242 3.51156625546139 9 8.07 9 7.86 16 12.69
"83" 82 12701 10152.26 37 37.52 111 108.45 300 300 0.799710145746162 0.813961898127419 3.01078758887419 2.69642360668346 3.82052457662061 3.50972980306678 9 8.04 9 7.82 16 12.66
"84" 83 12698 10119.62 37 37.51 111 108.28 299 299 0.800047134861745 0.814507550131958 3.00973602205338 2.69001281844589 3.81588913306183 3.50155031535221 9 8.01 9 7.83 16 12.64
"85" 84 12695 10086.47 37 37.51 111 108.03 298 298 0.800241895053842 0.814927293824845 3.00562865003801 2.68101651905891 3.81188683586952 3.49399859727824 9 7.98 9 7.81 16 12.58
"86" 85 12692 10050.61 37 37.51 111 107.82 297 297 0.800594965638001 0.814880516519111 2.99844338823618 2.67964315047873 3.80806634578926 3.48731044245502 9 7.97 9 7.77 16 12.56
"87" 86 12689 9999.49 37 37.51 111 107.61 296 296 0.800845545072048 0.815310087820824 2.99754913244603 2.67158636468378 3.80072223456464 3.48162798980215 9 7.95 9 7.77 16 12.51
"88" 87 12686 9974.22 37 37.49 111 107.44 295 295 0.801193013187278 0.815858097310334 2.98905038568768 2.66635697814192 3.79582103698655 3.47117959256078 9 7.95 9 7.77 16 12.46
"89" 88 12683 9933.67 37 37.47 111 107.23 294 294 0.801516086619406 0.816288220103617 2.98669868955784 2.65729262032361 3.79313635154978 3.4672711328142 9 7.91 9 7.76 16 12.4
"90" 89 12680 9897.47 37 37.46 110 107.06 293 293 0.801562556700053 0.816533758539461 2.98716872867998 2.65143102080313 3.78494704522987 3.46174478116435 9 7.86 9 7.7 16 12.35
"91" 90 12677 9863.37 37 37.43 109 106.92 292 292 0.801611045777345 0.816825854822114 2.98763899027074 2.64494890352322 3.78236693663562 3.44967324877717 9 7.87 9 7.69 16 12.33
"92" 91 12674 9820.97 37 37.4 109 106.75 291 291 0.802002975227397 0.816921170276162 2.98622932696382 2.63864813687247 3.77682228216003 3.44715161913214 9 7.85 9 7.7 16 12.29
"93" 92 12671 9800.15 37 37.39 109 106.59 290 290 0.802443888146024 0.817598485612644 2.98487657310405 2.63171294292948 3.76893284160993 3.43547149651016 9 7.85 9 7.69 16 12.24
"94" 93 12668 9779.54 37 37.37 108 106.39 289 289 0.802445093153812 0.818037312289894 2.98534662597106 2.62866836808855 3.76363204212756 3.42624775309937 9 7.85 9 7.68 16 12.18
"95" 94 12665 9743.69 37 37.36 107 106.2 288 288 0.802453403981582 0.818381523060516 2.985816901524 2.6243528819731 3.75783532549708 3.42013160699569 9 7.83 9 7.66 16 12.16
"96" 95 12662 9681.25 37 37.34 107 105.98 287 287 0.802645253398835 0.818585856095998 2.98507094407803 2.61880133179336 3.7502419058395 3.42005122490769 9 7.8 9 7.63 16 12.13
"97" 96 12659 9649.11 37 37.33 107 105.81 286 286 0.802832855998736 0.818841664707521 2.98471020526533 2.61641773027127 3.74898954688731 3.411843364768 9 7.78 9 7.6 16 12.04
"98" 97 12656 9622.27 37 37.3 106 105.59 285 285 0.802797826013142 0.819120919953206 2.98518066438478 2.61307688852622 3.74364204176651 3.40550036014436 9 7.76 9 7.57 16 12.02
"99" 98 12653 9595 37 37.29 106 105.44 284 284 0.803182435356558 0.819650162869903 2.9805338213054 2.60471209158646 3.73857483209145 3.39656809260898 9 7.74 9 7.55 16 11.97
"100" 99 12650 9562.18 37 37.28 106 105.27 283 283 0.803449212536013 0.819681793201762 2.97801073549896 2.60459674773997 3.73479703877995 3.3955146952554 9 7.71 9 7.56 16 11.99
"101" 100 12647 9536.88 37 37.28 106 105.11 282 282 0.803697969171621 0.8200967752119 2.9742376310341 2.59889571686033 3.73122542704039 3.38764153952507 9 7.69 9 7.53 16 11.96
"102" 101 12644 9501.07 37 37.27 106 104.88 281 281 0.803974521219959 0.820205850485853 2.97088534609713 2.59616974397221 3.72391770874273 3.38267107014717 9 7.68 9 7.52 16 11.93
"103" 102 12641 9458.56 37 37.24 106 104.72 280 280 0.804215008884586 0.820182919037653 2.96794730829827 2.59242121080839 3.71924074858033 3.37877595400012 9 7.63 9 7.5 16 11.93
"104" 103 12638 9429.48 37 37.23 106 104.47 279 279 0.804677034702841 0.820309326444561 2.96656076520718 2.58755016708224 3.71643359456315 3.37092764156741 9 7.6 9 7.47 16 11.87
"105" 104 12635 9402.57 37 37.23 105 104.32 278 278 0.804618609945772 0.820649533687294 2.96702769692824 2.58192169526135 3.71293718682899 3.36350945202484 9 7.57 9 7.44 16 11.81
"106" 105 12632 9381.29 37 37.21 105 104.23 277 277 0.804699546936235 0.821547537876572 2.96672373158339 2.56908150305271 3.70839242323305 3.35298328391167 9 7.57 9 7.44 16 11.75
"107" 106 12629 9351.6 37 37.2 105 104.07 276 276 0.804926088648254 0.822007388906184 2.96511462307409 2.56017468120709 3.69881488241761 3.34417094990255 9 7.57 9 7.45 16 11.73
"108" 107 12626 9325.7 37 37.18 105 103.89 275 275 0.805021575195478 0.822639305542988 2.96491464811122 2.5548929742734 3.69338454230557 3.33238682432946 9 7.56 9 7.43 16 11.63
"109" 108 12623 9289.02 37 37.18 105 103.8 274 274 0.805285001213846 0.823200402666591 2.95774693204325 2.54663500074508 3.68897051523321 3.32365659775065 9 7.54 9 7.4 16 11.56
"110" 109 12620 9251.25 37 37.17 105 103.64 273 273 0.805619742127353 0.823631230313782 2.9510033883088 2.54047033944942 3.68374366258149 3.31696117203828 9 7.5 9 7.37 16 11.51
"111" 110 12617 9217.04 37 37.16 105 103.49 272 272 0.805787376225109 0.823943561107706 2.94468076220346 2.53267574282127 3.68102782471619 3.3110659474118 9 7.48 9 7.36 16 11.49
"112" 111 12614 9181.13 37 37.13 104 103.36 271 271 0.805785781151271 0.824416344792477 2.94514326753774 2.52659253536067 3.6785171589411 3.30488398359497 9 7.45 9 7.34 16 11.45
"113" 112 12611 9151.03 37 37.12 104 103.14 270 270 0.806100469699709 0.824706865164789 2.94406986342745 2.52207594266578 3.66906314797644 3.29778343722085 9 7.41 9 7.28 16 11.38
"114" 113 12608 9122.61 37 37.11 104 102.97 269 269 0.806289733399992 0.824991525846821 2.94311689363874 2.51813920860116 3.65974791372791 3.29056871760098 9 7.39 9 7.29 16 11.32
"115" 114 12605 9094.2 37 37.08 104 102.74 268 268 0.806485311187129 0.825471352826808 2.94170515749434 2.51069096028642 3.65704549683388 3.28286691322939 9 7.36 9 7.29 16 11.29
"116" 115 12602 9036.72 37 37.05 104 102.51 267 267 0.806698034876826 0.825414181016429 2.94073956622031 2.508747136434 3.65195204586426 3.28161345230966 9 7.33 9 7.29 16 11.26
"117" 116 12599 9001.85 37 37.04 104 102.29 266 266 0.80687989541597 0.825598649576491 2.93816041116114 2.50364992166494 3.64839081510142 3.2763553103041 9 7.31 9 7.28 16 11.26
"118" 117 12596 8974 37 37.02 104 102.13 265 265 0.807048280417908 0.825868737775021 2.93597104543483 2.49844490810315 3.64664568538671 3.26724812383743 9 7.29 9 7.23 16 11.24
"119" 118 12593 8933.53 37 37.02 104 101.91 264 264 0.807377016544092 0.826234636818976 2.93416016142208 2.4919367501821 3.64322033446753 3.26063073603011 9 7.29 9 7.23 16 11.2
"120" 119 12590 8901.24 37 37 104 101.69 263 263 0.80759228420854 0.826467463523542 2.932714380594 2.48404782123628 3.64063406180616 3.25598250309685 9 7.24 9 7.22 16 11.19
"121" 120 12587 8869.64 37 36.97 104 101.49 262 262 0.80777763183132 0.827050157341712 2.93020865056202 2.47600018507205 3.64078675126238 3.24604748032786 9 7.25 9 7.22 16 11.13
"122" 121 12584 8843.24 37 36.97 104 101.33 261 261 0.807994208342456 0.827894127914921 2.9281101198274 2.46523877995683 3.63933283887889 3.23973568712496 9 7.23 9 7.23 16 11.08
"123" 122 12581 8816.89 37 36.95 104 101.06 260 260 0.808313542172375 0.828035143510467 2.92640776027936 2.46142734088759 3.63688576063942 3.23363002367066 9 7.2 9 7.2 16 11.04
"124" 123 12578 8769.98 36 36.93 104 100.85 259 259 0.808297413153571 0.827895944833977 2.92577651974585 2.45929142483588 3.6375146887108 3.23278370428768 9 7.21 9 7.25 16 11.02
"125" 124 12575 8742.87 36 36.92 104 100.65 258 258 0.80832308949315 0.828439540409919 2.92559905615823 2.45435120785455 3.63183485525297 3.22313103433333 9 7.21 9 7.21 16 10.99
"126" 125 12572 8712.06 36 36.92 104 100.43 257 257 0.808550176820938 0.828657390036397 2.91837289840972 2.45283911233164 3.63066069708629 3.21774807451919 9 7.18 9 7.15 16 10.95
"127" 126 12569 8677.19 36 36.9 104 100.25 256 256 0.808816003601485 0.829253043084595 2.91777937089145 2.44450475060533 3.62506834443807 3.20967232296401 9 7.15 9 7.13 16 10.87
"128" 127 12566 8643.92 36 36.89 104 100.08 255 255 0.80898153877122 0.829523402036669 2.91769151109536 2.43881887253609 3.61585415607491 3.20388182968786 9 7.15 9 7.12 16 10.88
"129" 128 12563 8598.53 36 36.88 103 99.9 254 254 0.809068620267648 0.82989001851744 2.91814944905072 2.43054731032018 3.61353694526476 3.19652719215753 9 7.13 9 7.13 16 10.85
"130" 129 12559 8550.64 36 36.81 103 99.68 253 253 0.809270314577781 0.829625970003664 2.91364030993289 2.4302127460153 3.60919232888559 3.19657195038252 9 7.1 9 7.11 16 10.84
"131" 130 12555 8517.4 36 36.78 103 99.5 252 252 0.809299025447209 0.829783262312459 2.91361279589384 2.42581733764586 3.60051146431417 3.19074189403414 9 7.08 9 7.09 16 10.82
"132" 131 12551 8499.17 36 36.75 102 99.32 251 251 0.809307717098886 0.830148184210909 2.91422266372777 2.4210750517305 3.5948633637324 3.18175380225122 9 7.07 9 7.09 16 10.77
"133" 132 12547 8459.77 36 36.73 102 99.17 250 250 0.809425632678551 0.830584091683264 2.91406769230933 2.41577046517523 3.58661749578194 3.17278490698888 9 7.07 9 7.09 16 10.77
"134" 133 12543 8429.61 36 36.7 101 98.88 249 249 0.809332535253219 0.830621788411215 2.9146780941884 2.41301895300285 3.58480590886771 3.16837847217475 9 7.06 9 7.06 16 10.69
"135" 134 12539 8398.19 36 36.68 100 98.67 248 248 0.809311406600781 0.831323041881831 2.91528888550962 2.40822918783828 3.58177222777576 3.16021557569163 9 7.06 9 7.06 15 10.69
"136" 135 12535 8370.64 36 36.66 100 98.45 247 247 0.809764876821648 0.831902834704986 2.90957542581928 2.40355537269451 3.5772813638963 3.14895622894522 9 7.06 9 7.04 15 10.65
"137" 136 12531 8332.99 36 36.64 100 98.23 246 246 0.810263806819316 0.832127508863429 2.90407375324577 2.40010420075972 3.56623640679408 3.14481256371681 9 7.03 9 7.02 15 10.64
"138" 137 12527 8291.58 36 36.63 100 97.99 245 245 0.810573337912033 0.832028777721554 2.90150818615389 2.3996475894712 3.56084651537669 3.14265011983979 9 7.01 9 7 15 10.58
"139" 138 12523 8253.78 36 36.61 100 97.73 244 244 0.810810510748353 0.832199630056335 2.89850446199036 2.39902933080097 3.55675576946707 3.13602086913227 9 6.97 9 6.96 15 10.49
"140" 139 12519 8225.81 35 36.61 100 97.53 243 243 0.811085920279839 0.832929492490549 2.89140205108883 2.39077598648498 3.5575726895947 3.123101212189 9 6.94 9 6.95 15 10.43
"141" 140 12515 8176.05 35 36.59 99 97.32 242 242 0.811131160320932 0.83320341149099 2.89200657431731 2.38709787512221 3.55468935362423 3.11797762037057 9 6.92 9 6.89 15 10.38
"142" 141 12511 8139.05 35 36.58 98 97.05 241 241 0.811021911026017 0.833590521920003 2.89261148410048 2.3803850371274 3.55364157062859 3.10998139328023 9 6.91 9 6.89 15 10.35
"143" 142 12507 8103.51 35 36.57 98 96.81 240 240 0.811363033655055 0.833825216973657 2.8913515446961 2.37332040242568 3.5519263814196 3.10106513428088 9 6.88 9 6.84 15 10.3
"144" 143 12503 8060.18 35 36.56 98 96.57 239 239 0.811691236860458 0.834062738243476 2.88927542535042 2.37002304054611 3.54118350106327 3.09850951402044 9 6.84 9 6.81 15 10.27
"145" 144 12499 8034.64 35 36.53 98 96.31 238 238 0.81199267494042 0.83455945950918 2.8875857601013 2.36093501745901 3.53238096731646 3.08885039701732 9 6.83 9 6.81 15 10.22
"146" 145 12495 8007.06 35 36.52 98 96.14 237 237 0.812083743627059 0.83519062548107 2.88754977314976 2.35645275466317 3.5307600872335 3.0820385394704 9 6.8 9 6.79 15 10.18
"147" 146 12491 7971.44 35 36.47 97 95.9 236 236 0.812093537459342 0.835740281850033 2.88815422428198 2.34899947653384 3.52335149308347 3.07331171488367 9 6.78 9 6.75 15 10.11
"148" 147 12487 7933.98 35 36.47 96 95.68 235 235 0.811972050862644 0.83626971229361 2.88875906266567 2.34146047325646 3.52327092170186 3.06691036156569 9 6.77 9 6.69 15 10.05
"149" 148 12483 7905.22 35 36.47 95 95.52 234 234 0.811873776432256 0.836854038578583 2.88936428867309 2.33307012906975 3.52000303184559 3.05848963827508 9 6.73 9 6.65 15 10.01
"150" 149 12479 7845.8 35 36.43 95 95.35 233 233 0.812091725422748 0.836842344912446 2.88821985346432 2.32647585767794 3.51821735719223 3.0555087725743 9 6.71 9 6.67 15 10.01
"151" 150 12475 7806.16 35 36.43 94 95.15 232 232 0.812014032441673 0.837100324263875 2.8888252946999 2.32354413655473 3.51098327054638 3.04687232070674 9 6.68 9 6.63 15 9.96
"152" 151 12471 7788.33 35 36.43 94 94.96 231 231 0.812524202055606 0.837510461424515 2.8833672965129 2.3216580706642 3.5048939907361 3.03461656195884 9 6.68 9 6.63 15 9.93
"153" 152 12467 7757.07 35 36.41 94 94.71 230 230 0.813144283083521 0.837701727050838 2.87808197693379 2.31982445251275 3.50067651601296 3.02763750667835 9 6.64 9 6.61 15 9.91
"154" 153 12463 7723.02 35 36.4 94 94.39 229 229 0.813671200626439 0.838073663453778 2.87296680073409 2.31640208877242 3.49650332713315 3.02037190187175 9 6.66 9 6.61 15 9.88
"155" 154 12458 7691.22 35 36.39 93 94.19 228 228 0.813611905858576 0.838938314789188 2.8737185132083 2.30908161344587 3.48832719114736 3.00738085819466 9 6.66 9 6.58 15 9.84
"156" 155 12453 7664.69 35 36.37 93 93.99 227 227 0.813949514872471 0.839567475111321 2.87283994638321 2.29873597595949 3.47912690385538 2.99878214460784 9 6.62 9 6.57 15 9.73
"157" 156 12448 7636.28 35 36.37 93 93.78 226 226 0.814436742015618 0.839909675502046 2.86081621275671 2.29495011212247 3.47469139382467 2.98791769175077 9 6.62 9 6.55 15 9.66
"158" 157 12443 7610.98 35 36.36 93 93.58 225 225 0.815238709452568 0.840544820022136 2.85883439415134 2.28966866370566 3.46957578481618 2.97713652605032 9 6.57 9 6.5 15 9.62
"159" 158 12438 7584.33 35 36.32 93 93.42 224 224 0.815738002582625 0.840895563691398 2.85054424619104 2.28377574745865 3.46200383554911 2.96753129435235 9 6.55 9 6.49 15 9.59
"160" 159 12433 7565.68 35 36.29 93 93.23 223 223 0.81598113398814 0.841254353156103 2.84781406539301 2.2789720517349 3.44961611554559 2.95988115798961 9 6.52 9 6.46 15 9.57
"161" 160 12428 7545.87 35 36.28 93 93 222 222 0.816690596119866 0.841997674641724 2.84347072061433 2.27227702340109 3.43582535062997 2.95059465978785 9 6.5 9 6.44 15 9.53
"162" 161 12423 7488.64 35 36.27 93 92.72 221 221 0.81731569969984 0.84198401334188 2.84153379092183 2.27067076376225 3.42864006352191 2.95060800659656 9 6.52 9 6.43 15 9.48
"163" 162 12418 7448.26 35 36.23 92 92.51 220 220 0.817339063117506 0.842080082679879 2.84227526853132 2.26893802416348 3.42838123234127 2.94664279184859 9 6.47 9 6.37 15 9.45
"164" 163 12413 7421.95 35 36.2 91 92.35 219 219 0.817295257208255 0.842385033719835 2.84301734348038 2.26393143298739 3.4266764411854 2.9397688617248 9 6.46 9 6.38 15 9.41
"165" 164 12408 7383.04 35 36.18 91 92.17 218 218 0.817560539921923 0.842636236955496 2.83554281664475 2.25497079945284 3.41858377778022 2.93374986341585 9 6.45 9 6.4 15 9.37
"166" 165 12403 7357.55 35 36.17 90 91.93 217 217 0.817569438116645 0.843177987664644 2.83628277585488 2.24917646521617 3.41171800900076 2.92348667351853 9 6.4 9 6.34 15 9.28
"167" 166 12398 7327.9 35 36.17 90 91.78 216 216 0.817919934989023 0.844007217631251 2.83477391383266 2.23994290772796 3.40846024593073 2.91524334544189 9 6.36 9 6.32 15 9.23
"168" 167 12393 7285.65 35 36.14 90 91.57 215 215 0.818792495665209 0.843963829819471 2.82534293502137 2.23409648564793 3.40361529434949 2.9130426899529 9 6.3 9 6.3 15 9.2
"169" 168 12388 7263.82 35 36.1 90 91.36 214 214 0.81923999645868 0.844509312786563 2.81668084787084 2.22883299625929 3.3937871933429 2.90254340376436 9 6.29 9 6.28 15 9.18
"170" 169 12383 7234.28 35 36.09 90 91.11 213 213 0.81954889256675 0.845129568373652 2.81583260241361 2.22350957956877 3.38723250246266 2.893109514574 9 6.26 9 6.23 15 9.14
"171" 170 12378 7181.95 35 36.09 89 90.88 212 212 0.819480749474023 0.845158231354723 2.81656609433574 2.2176431532246 3.38425743704198 2.89141827469098 9 6.26 9 6.23 15 9.13
"172" 171 12372 7154.52 35 36.06 89 90.7 211 211 0.819641956930245 0.845621208284679 2.81588834228227 2.21178882293747 3.37851083215518 2.8827876836575 9 6.22 9 6.17 15 9.09
"173" 172 12366 7107.37 35 36.04 89 90.42 210 210 0.820062386967822 0.845655456303702 2.81082731666564 2.21150839366323 3.37082476346588 2.87799509085343 9 6.19 9 6.14 15 9.09
"174" 173 12360 7072.91 35 36.03 89 90.21 209 209 0.820756888821703 0.845891970070343 2.80666556734111 2.20627469137123 3.36553616096026 2.87188901315339 9 6.15 9 6.12 15 9.07
"175" 174 12354 7043.76 35 36.03 89 89.95 208 208 0.821073071932475 0.846497463097797 2.8064969481585 2.19871994194266 3.35750646318056 2.86378851908735 9 6.14 9 6.1 15 9.02
"176" 175 12348 7001.34 35 35.98 88 89.7 207 207 0.820898134331917 0.84644730535227 2.80737474065031 2.19920595153054 3.35016597860881 2.85932087456111 9 6.13 9 6.05 15 8.94
"177" 176 12342 6979.53 35 35.98 87 89.47 206 206 0.82070228083872 0.847099169592769 2.80825338661077 2.19324563949119 3.34309828004757 2.84857651357558 9 6.11 9 6.04 15 8.89
"178" 177 12336 6948.82 35 35.96 86 89.27 205 205 0.820484281710725 0.847582955150035 2.80913288728519 2.18778711827099 3.33642551647207 2.83903975056329 9 6.11 9 6.03 15 8.89
"179" 178 12330 6919.86 35 35.96 86 89.01 204 204 0.820914296388824 0.847877820218771 2.80177817259315 2.1846499769833 3.33140954584513 2.82853805022466 9 6.05 9 5.97 15 8.81
"180" 179 12324 6881.36 35 35.94 86 88.74 203 203 0.821792194101043 0.848187878579871 2.79481177478865 2.18284475629481 3.32152050591634 2.82285453133674 9 6.03 9 5.94 15 8.8
"181" 180 12318 6851.49 35 35.91 86 88.5 202 202 0.822592164083629 0.84881257890545 2.78822546666796 2.17580127566221 3.31651817173987 2.81448609334838 9 5.99 9 5.95 15 8.71
"182" 181 12312 6806.67 35 35.9 86 88.23 201 201 0.823530055773441 0.849166802071645 2.78622849985845 2.16986545163303 3.30762650580384 2.80690518268714 9 5.95 9 5.94 15 8.7
"183" 182 12306 6775.76 35 35.89 86 88.04 200 200 0.824478678748339 0.850054673264815 2.78467497846238 2.16141660763555 3.29889425886502 2.79742214644951 9 5.93 9 5.91 15 8.61
"184" 183 12300 6745.18 35 35.88 85 87.76 199 199 0.824663987599718 0.850290370357015 2.78554555162261 2.15623710225659 3.28899989733831 2.79012863876215 9 5.92 9 5.93 15 8.57
"185" 184 12294 6696.4 35 35.83 85 87.59 198 198 0.824875113778471 0.850839278508208 2.77807031203478 2.14865216782869 3.28177551545948 2.78469408926238 9 5.93 9 5.95 15 8.56
"186" 185 12288 6650.88 35 35.82 85 87.35 197 197 0.825377302580094 0.851163377901672 2.77153945760094 2.14399326619484 3.27917277768085 2.78064677115738 9 5.92 9 5.95 15 8.57
"187" 186 12282 6622.16 35 35.8 85 87.09 196 196 0.825334098578639 0.851468962439871 2.77037576054318 2.13998531999693 3.27445615823544 2.77352541554702 9 5.9 9 5.91 15 8.53
"188" 187 12276 6574.57 35 35.76 85 86.82 195 195 0.825481102683906 0.851229321195487 2.77018833302422 2.13313752422181 3.26393650852716 2.77296388161954 9 5.89 9 5.91 15 8.52
"189" 188 12270 6520.35 35 35.74 85 86.51 194 194 0.825685609048703 0.851211909780584 2.76965229319157 2.12858617136634 3.25551350457696 2.77280784436932 9 5.84 8 5.9 15 8.49
"190" 189 12264 6485.96 35 35.7 84 86.25 193 193 0.825701141440897 0.851570502701259 2.77051807219998 2.12583068012494 3.24592114702204 2.76626013392277 9 5.85 8 5.91 15 8.5
"191" 190 12258 6456.71 35 35.68 84 85.95 192 192 0.826430705111922 0.851838743433226 2.7635921884127 2.1220916884971 3.24160100993162 2.76002404006489 9 5.85 8 5.88 15 8.45
"192" 191 12251 6418.79 35 35.65 84 85.75 191 191 0.826763152873138 0.852397826543205 2.76257206638968 2.11512993391856 3.23436800567721 2.75230402549827 9 5.84 8 5.86 15 8.42
"193" 192 12244 6355.86 35 35.63 84 85.52 190 190 0.826917928914139 0.852140985529586 2.75900836198691 2.10927134461101 3.22415766342735 2.75116605347717 9 5.81 8 5.86 15 8.41
"194" 193 12237 6327.67 35 35.61 83 85.31 189 189 0.826938082654668 0.852929244146113 2.76001457744282 2.10226075092158 3.21767591061595 2.73953183423574 9 5.79 8 5.85 15 8.37
"195" 194 12230 6297.98 35 35.57 83 85.01 188 188 0.827557391808299 0.853332324732632 2.74542142704224 2.09785805084984 3.20743740660497 2.73047847868694 9 5.77 8 5.78 15 8.33
"196" 195 12223 6275.28 35 35.54 83 84.78 187 187 0.82827140473818 0.854223581440628 2.73548363040197 2.08962246812828 3.19785521953646 2.71720148263341 9 5.77 8 5.79 15 8.29
"197" 196 12216 6232.04 35 35.5 83 84.51 186 186 0.82925573821334 0.853995737439079 2.73009714185317 2.08860238472031 3.19525208951588 2.71403891038812 9 5.77 8 5.78 15 8.24
"198" 197 12209 6198.16 35 35.49 83 84.26 185 185 0.829728609607553 0.854522392404825 2.72704675582145 2.08155432154832 3.18754479297066 2.70463643073917 9 5.74 8 5.75 15 8.13
"199" 198 12202 6157.67 35 35.47 83 83.99 184 184 0.830411449050212 0.854784586767761 2.72394558705983 2.07681642519436 3.18035502936302 2.6945326138598 9 5.71 8 5.72 15 8.06
"200" 199 12195 6130.49 35 35.44 83 83.68 183 183 0.830770755778199 0.855008045138349 2.72336715389094 2.07400451711917 3.17072298479466 2.6858643790388 9 5.67 8 5.69 15 8.05
"201" 200 12188 6102.59 35 35.42 82 83.45 182 182 0.830710690334719 0.855356193895032 2.72435694467509 2.069184219226 3.16021265010396 2.67787824059922 9 5.62 8 5.69 15 8.01
"202" 201 12181 6055 35 35.4 82 83.14 181 181 0.831180805974386 0.855268979071152 2.71826430714428 2.06769823849846 3.15572967900394 2.67614238547139 9 5.65 8 5.69 15 8.02
"203" 202 12174 6026.87 35 35.35 82 82.93 180 180 0.831638506819219 0.855909181140866 2.71328952808714 2.05931387146521 3.15369213385523 2.66552503748809 9 5.62 8 5.64 15 8.01
"204" 203 12167 5997.22 35 35.29 81 82.57 179 179 0.832014168138692 0.856531867450437 2.71427522930326 2.05065608726648 3.13570037572714 2.65276893598949 9 5.58 8 5.63 15 7.94
"205" 204 12160 5981.92 35 35.25 81 82.35 178 178 0.832508803203489 0.857259794087782 2.70551796300171 2.04371013889312 3.12700173405632 2.64084722167446 9 5.57 8 5.62 15 7.9
"206" 205 12153 5947.91 35 35.2 80 82.09 177 177 0.83282921701639 0.857962070300457 2.70650032338524 2.04164062491596 3.11889720050059 2.62807594172209 9 5.54 8 5.55 15 7.84
"207" 206 12146 5928.97 35 35.16 80 81.89 176 176 0.833658987324379 0.858761313775708 2.70217635631152 2.03292769420839 3.11660379075851 2.62038600605264 9 5.48 8 5.5 15 7.82
"208" 207 12139 5890.04 35 35.15 80 81.66 175 175 0.834295307672987 0.859634945126964 2.69831899234012 2.02251255027282 3.11570506667265 2.6062219052338 9 5.51 8 5.49 15 7.79
"209" 208 12132 5856.48 35 35.13 80 81.4 174 174 0.834605770542473 0.860320578637196 2.69742546792947 2.01937412024634 3.11162458573104 2.59933299850398 9 5.5 8 5.47 15 7.79
"210" 209 12125 5826.95 35 35.1 80 81.08 173 173 0.835174516774331 0.86055969892508 2.69548374224805 2.01554661950395 3.1025439320526 2.59443058506817 9 5.48 8 5.45 15 7.75
"211" 210 12118 5802.89 35 35.09 80 80.85 172 172 0.835672962751212 0.861434293236649 2.69424411541222 2.00946458500628 3.09888187805484 2.58276799477961 9 5.45 8 5.41 15 7.67
"212" 211 12111 5760.23 35 35.04 80 80.6 171 171 0.836434574110982 0.861805648947521 2.6845271558405 2.00666189262727 3.09240217091623 2.57732442558938 9 5.44 8 5.38 15 7.65
"213" 212 12104 5726.08 35 35.01 80 80.35 170 170 0.836926116039601 0.862053339662325 2.67594133808053 2.00258061948605 3.08324011488779 2.57215699082929 9 5.38 8 5.35 15 7.54
"214" 213 12097 5691.56 35 34.98 80 80.17 169 169 0.837338363915693 0.862856399962912 2.66848492394105 1.99748627791366 3.07820672666563 2.56362834323848 9 5.36 8 5.34 15 7.46
"215" 214 12090 5666.43 35 34.95 80 79.91 168 168 0.838136211721046 0.863694406015812 2.6609052485361 1.98868873558147 3.06959449500773 2.55536940058006 9 5.33 8 5.34 15 7.46
"216" 215 12083 5590.91 35 34.88 80 79.65 167 167 0.839211837561451 0.86365195697458 2.65372540332493 1.98210777749377 3.05372072767163 2.55670059218973 9 5.31 8 5.34 15 7.41
"217" 216 12075 5551.51 35 34.87 80 79.4 166 166 0.839698240264061 0.863780611857127 2.65099639117374 1.97612900273434 3.03708101947492 2.55452053443565 9 5.3 8 5.35 15 7.4
"218" 217 12067 5512.83 35 34.84 80 79.15 165 165 0.840695839672438 0.864393298032136 2.63603055984329 1.96772968320819 3.02877850955188 2.55055021921565 9 5.27 8 5.36 15 7.36
"219" 218 12059 5476 35 34.83 80 78.84 164 164 0.841070363424803 0.86477551752562 2.6259372720634 1.96183038899754 3.02414419054923 2.54385970248147 9 5.25 8 5.35 14 7.33
"220" 219 12051 5446.9 35 34.8 80 78.53 163 163 0.841655848916654 0.865305255210384 2.61686010864872 1.95638795819296 3.01373634508758 2.53598362285596 9 5.22 8 5.32 14 7.28
"221" 220 12043 5411.77 35 34.74 80 78.26 162 162 0.842565431675223 0.865536262831413 2.60890659482044 1.95327304683256 3.0061502574128 2.53033917458951 9 5.13 8 5.25 14 7.2
"222" 221 12035 5363.78 35 34.7 79 78.06 161 161 0.842412161444491 0.865887790520051 2.60997607988554 1.94540290109368 3.00395978993696 2.52271056545155 9 5.09 8 5.23 14 7.19
"223" 222 12027 5336.62 35 34.67 79 77.81 160 160 0.843115618941729 0.866534140804595 2.60169445866704 1.94096745177731 3.00032440356349 2.51354504274599 9 5.07 8 5.22 14 7.16
"224" 223 12019 5308.48 35 34.65 79 77.58 159 159 0.843643043425639 0.867437780423419 2.59471852182404 1.93374346515197 2.99835752948893 2.49946558684923 9 5.06 8 5.15 14 7.12
"225" 224 12011 5267.67 35 34.64 79 77.37 158 158 0.844446262669155 0.868112516313163 2.58904550862465 1.92251671576471 2.99423320898354 2.49197476735963 9 5.05 8 5.14 14 7.05
"226" 225 12003 5252.46 35 34.6 79 77.05 157 157 0.844469379791717 0.868594880833895 2.58869319425776 1.91933904059374 2.98478667668563 2.48226159572353 9 5.02 8 5.12 14 7.02
"227" 226 11995 5231.56 35 34.56 79 76.83 156 156 0.844814332748036 0.869507549865354 2.58781333055439 1.91080639392662 2.98189673540563 2.47113856814296 9 5.01 8 5.1 14 6.97
"228" 227 11987 5197.1 35 34.54 79 76.61 155 155 0.845194292279823 0.870262153132573 2.58097669681652 1.90211566734481 2.97872784905184 2.4649247459331 9 5 8 5.09 14 6.95
"229" 228 11979 5161.86 35 34.53 79 76.26 154 154 0.845785236588809 0.870521189473461 2.57544844629689 1.89927908453739 2.9693154644489 2.45822046173455 9 4.98 8 5.06 14 6.91
"230" 229 11970 5130.57 35 34.47 79 76.01 153 153 0.846647597013353 0.871541956310605 2.57328257059065 1.88884462865964 2.96103442059016 2.44711913032355 9 4.93 8 5.06 14 6.84
"231" 230 11961 5101.24 35 34.44 79 75.76 152 152 0.847560703255655 0.872447539073329 2.5701366787093 1.88666130265632 2.95339757881401 2.43446227894595 9 4.95 8 5.02 14 6.79
"232" 231 11952 5072.47 35 34.44 78 75.51 151 151 0.84734255552247 0.872962404736014 2.57131901054568 1.88265603664057 2.95047187028992 2.42586484800322 9 4.91 8 5.02 14 6.74
"233" 232 11943 5048.34 35 34.39 78 75.28 150 150 0.847387535853336 0.873612256210701 2.56873316101874 1.87878304671392 2.9441911788479 2.41556460604082 9 4.88 8 4.98 14 6.7
"234" 233 11934 5009.88 35 34.38 78 75 149 149 0.848737869380966 0.873891843544493 2.56629232276391 1.87435128759951 2.92252531304143 2.4098162141848 9 4.87 8 4.93 14 6.68
"235" 234 11925 4979.07 35 34.32 78 74.76 148 148 0.849568096340473 0.874732902351755 2.56322827234475 1.86858311673075 2.91147567027665 2.40115442110126 9 4.86 8 4.92 14 6.64
"236" 235 11916 4951.67 35 34.31 78 74.55 147 147 0.850283924978987 0.876419236883524 2.56010334877803 1.85731532219438 2.90133970798161 2.38755582246628 9 4.84 8 4.92 14 6.59
"237" 236 11907 4921.33 35 34.28 77 74.28 146 146 0.851015920906371 0.877177082643887 2.56128256521702 1.85022985680208 2.88953295502149 2.37957653936581 9 4.79 8 4.92 14 6.53
"238" 237 11898 4884.98 35 34.28 76 74 145 145 0.85095872391791 0.878450861686729 2.56246356564457 1.84579433933915 2.87686301405985 2.36797824277604 9 4.76 8 4.85 14 6.45
"239" 238 11889 4859.55 34 34.26 75 73.67 144 144 0.850663852430092 0.878937026135558 2.56364635411212 1.84150268487426 2.87828380362386 2.35544624545352 9 4.72 8 4.83 14 6.4
"240" 239 11880 4839.04 34 34.26 75 73.38 143 143 0.851200024302666 0.879354843345267 2.5619925716483 1.83916325606677 2.86900027755705 2.34485206081952 9 4.72 8 4.83 14 6.34
"241" 240 11871 4798.19 34 34.2 75 73.07 142 142 0.852014606061727 0.880372430824944 2.55566246828876 1.83231205771896 2.85876323105171 2.33361782076835 9 4.71 8 4.82 14 6.3
"242" 241 11862 4748.68 34 34.15 74 72.74 141 141 0.851989540145851 0.880293787743377 2.55684278882615 1.83164450301336 2.84121765692342 2.32934410407547 9 4.69 8 4.79 14 6.28
"243" 242 11853 4711.15 34 34.08 74 72.43 140 140 0.85267612274532 0.881140625298825 2.55238062797541 1.82488678186418 2.83988159717396 2.32270649982196 9 4.67 8 4.75 14 6.23
"244" 243 11843 4666.07 34 34.04 73 72.07 139 139 0.85245770365936 0.881414984520046 2.55369142813413 1.82184297793723 2.82677760728136 2.31716119541811 9 4.65 8 4.72 14 6.26
"245" 244 11833 4621.72 34 33.93 72 71.75 138 138 0.853143508321901 0.881951694798388 2.55500444379215 1.81677734002173 2.81478130687926 2.31302486158046 9 4.58 8 4.7 14 6.27
"246" 245 11823 4590.46 34 33.87 72 71.47 137 137 0.853676828956267 0.882273651640175 2.55039197999477 1.81428663270723 2.8087100974149 2.30393669889171 9 4.57 8 4.62 14 6.22
"247" 246 11813 4555.67 34 33.86 72 71.12 136 136 0.854537014642201 0.882792473411657 2.54555848767833 1.80952300159278 2.79759512877842 2.29300451735332 9 4.52 8 4.57 14 6.13
"248" 247 11803 4513.61 34 33.8 72 70.81 135 135 0.85576007069374 0.883076082283759 2.54101872549787 1.80641535377456 2.77463228283176 2.28915396951465 9 4.51 8 4.54 14 6.1
"249" 248 11793 4482.3 34 33.75 71 70.46 134 134 0.855974681547763 0.884067331579624 2.54232544874513 1.80198785939515 2.76216311514501 2.27900348633542 9 4.45 8 4.5 14 6.03
"250" 249 11782 4432.46 34 33.69 70 70.23 133 133 0.856018343870524 0.884296573097496 2.5437654063021 1.79452249274315 2.75354306700142 2.27898253866047 9 4.41 8 4.46 14 6
"251" 250 11771 4385.22 34 33.61 69 69.93 132 132 0.85561509690772 0.884141653248784 2.54520805513986 1.79561191759426 2.74773018063668 2.27783587949246 9 4.39 8 4.46 14 6
"252" 251 11760 4363.57 34 33.57 69 69.68 131 131 0.856122014941847 0.884882747006599 2.5421047582474 1.79146525836365 2.72854919815124 2.26700490445841 9 4.35 8 4.46 14 5.98
"253" 252 11749 4314.42 34 33.53 69 69.32 130 130 0.857340093564633 0.885240572956492 2.53228132747859 1.78987759217969 2.71805317542002 2.26326937059689 9 4.31 8 4.45 14 5.94
"254" 253 11737 4289.75 34 33.52 68 68.95 129 129 0.857247373509128 0.885900153316234 2.53384794381409 1.78543961428332 2.70610923688511 2.25161168234068 9 4.32 8 4.47 14 5.93
"255" 254 11725 4251.88 34 33.47 68 68.61 128 128 0.85746484756615 0.886499659454004 2.53272519279042 1.7810624006365 2.70188653304707 2.24649996742197 9 4.27 8 4.46 14 5.88
"256" 255 11713 4215.54 34 33.4 68 68.32 127 127 0.859672373037457 0.886996626842217 2.51384218325662 1.77365931811761 2.68941202425455 2.23736451974306 9 4.25 8 4.44 14 5.83
"257" 256 11701 4190.06 34 33.38 67 67.94 126 126 0.859755263744579 0.888023867958717 2.51539470921159 1.76765875700496 2.66386351560264 2.22503454446844 9 4.25 8 4.4 14 5.82
"258" 257 11689 4152.39 34 33.31 66 67.57 125 125 0.859845857374528 0.888362959478766 2.51695042283214 1.76632942899175 2.65199653319512 2.22183851881969 9 4.23 8 4.39 14 5.76
"259" 258 11677 4113.18 34 33.28 66 67.33 124 124 0.860127294958255 0.889119493950106 2.51390834548864 1.7567559489796 2.64715087397481 2.21098435346852 9 4.22 8 4.34 14 5.69
"260" 259 11664 4082.37 34 33.18 65 67.02 123 123 0.860036912756441 0.890294655610451 2.5155956576021 1.75246254787402 2.63036445451669 2.20097640228835 9 4.22 8 4.33 14 5.68
"261" 260 11651 4055.21 34 33.13 65 66.7 122 122 0.861500101151405 0.891089094935472 2.49743413726586 1.74228941515482 2.61567470909578 2.18856190888617 9 4.18 8 4.31 14 5.62
"262" 261 11638 4030.66 34 33.1 65 66.36 121 121 0.862671786665049 0.891835380780876 2.4762857844976 1.73579806124706 2.61035872205471 2.17891280383609 9 4.14 8 4.27 14 5.57
"263" 262 11625 4007.82 34 33.07 65 65.99 120 120 0.864126936369678 0.892613734621943 2.46541207302187 1.73034387000573 2.60105422167032 2.17003373045763 9 4.13 8 4.24 14 5.56
"264" 263 11612 3977.8 34 33.06 65 65.71 119 119 0.866302741924476 0.893931295384527 2.46253997330154 1.71945466275509 2.58824892681044 2.15617499570266 9 4.07 8 4.2 14 5.5
"265" 264 11599 3948.45 34 33.02 65 65.27 118 118 0.867139670559898 0.894376024856017 2.46157590198326 1.71675675160291 2.56207681125747 2.14614474488486 9 4.04 8 4.15 14 5.47
"266" 265 11586 3921.6 34 32.93 65 64.87 117 117 0.869241725637351 0.895137036304114 2.45699479564586 1.71186454397893 2.5504849620239 2.13693877814304 9 4.04 8 4.13 14 5.43
"267" 266 11572 3891.74 34 32.88 64 64.57 116 116 0.869211906053771 0.896161935933556 2.45875749242593 1.7028901445692 2.53769206336677 2.12613117117654 9 4.05 8 4.08 13 5.39
"268" 267 11558 3857.73 34 32.83 64 64.19 115 115 0.870906480497481 0.896015721898955 2.43875248465793 1.70136774276117 2.52928582010245 2.12075147294581 9 4.02 8 4.05 13 5.34
"269" 268 11544 3815.68 34 32.76 64 63.82 114 114 0.871911147081786 0.896643268410248 2.42101575284709 1.69046719471894 2.51927683624668 2.11307062347142 9 3.99 8 4.07 13 5.31
"270" 269 11530 3781.48 34 32.71 64 63.54 113 113 0.873136137682825 0.89731137260054 2.41743391309362 1.68830750280894 2.5101280121201 2.10697386429388 9 3.97 8 4.04 13 5.33
"271" 270 11516 3744.79 34 32.68 64 63.21 112 112 0.872941459620079 0.89818213355612 2.41656358996058 1.67552602570471 2.49676432302896 2.1002312702496 9 3.94 8 4.04 13 5.28
"272" 271 11502 3716.98 34 32.63 64 62.84 111 111 0.875083632419091 0.898885866932891 2.41344710121928 1.66959737959672 2.48573075572048 2.09177359571692 9 3.88 8 4 13 5.17
"273" 272 11488 3686.58 34 32.57 64 62.48 110 110 0.87643430027591 0.899977199855922 2.40997522530181 1.65791302293161 2.45912419370877 2.0835572216202 9 3.88 8 4.01 13 5.15
"274" 273 11473 3647.25 34 32.51 64 62.19 109 109 0.87724969690917 0.901396981401356 2.40766171994692 1.65037069189249 2.44866048975088 2.07301546290037 9 3.85 8 3.97 13 5.11
"275" 274 11458 3615.32 34 32.45 64 61.73 108 108 0.877743290231555 0.901692369738847 2.40657819520652 1.64628762985528 2.43708175823686 2.06360967555645 9 3.83 8 3.93 13 5.05
"276" 275 11443 3589.42 34 32.37 63 61.35 107 107 0.877864047107386 0.902291609362258 2.40842200128255 1.64248131835983 2.4332050706263 2.05381101998468 9 3.81 8 3.89 13 5.01
"277" 276 11428 3561.37 34 32.31 63 61.01 106 106 0.878097797692665 0.903309768529884 2.40748144207507 1.63811126201314 2.42648163036825 2.04193247184368 9 3.76 8 3.87 13 5
"278" 277 11413 3535.89 34 32.26 62 60.7 105 105 0.877826426447291 0.904841923608496 2.40933128187452 1.62785608069065 2.4225669185566 2.03038654772936 9 3.76 8 3.87 13 4.96
"279" 278 11397 3505.98 34 32.21 62 60.38 104 104 0.878373926353668 0.905969637592405 2.40778247243312 1.62127569093234 2.413104858489 2.02137390010189 9 3.78 8 3.8 13 4.94
"280" 279 11381 3464.48 34 32.08 62 59.92 103 103 0.88028315671445 0.906494514693318 2.39469940595507 1.61792886831433 2.38913941159509 2.01335685963009 9 3.76 8 3.77 13 4.85
"281" 280 11365 3445.29 34 31.99 61 59.59 102 102 0.880628191199869 0.907321946837323 2.39666290709852 1.61317278730447 2.37637827756093 2.00558422879219 9 3.73 8 3.73 13 4.82
"282" 281 11349 3407.07 33 31.95 60 59.21 101 101 0.880193828841593 0.908148175498999 2.398631944592 1.60633395704717 2.37831871746232 1.99568949693691 9 3.72 7 3.66 13 4.8
"283" 282 11332 3372.73 33 31.86 60 58.87 100 100 0.882087896774643 0.908700343995257 2.38116361442486 1.60363844423279 2.36923311489289 1.9903945402966 9 3.68 7 3.65 13 4.74
"284" 283 11315 3330.24 33 31.81 59 58.43 99 99 0.881948337330399 0.909275947913856 2.38323871662947 1.60014272219898 2.36313405471831 1.97848962834879 9 3.63 7 3.59 13 4.66
"285" 284 11298 3297.9 33 31.73 59 58.08 98 98 0.883236228468089 0.909666933351927 2.37224094633165 1.59444556127981 2.35309433260496 1.9720568955869 9 3.56 7 3.58 13 4.61
"286" 285 11281 3270.72 33 31.68 58 57.69 97 97 0.88329102485897 0.91057314405708 2.37430885663106 1.58652786949895 2.33452883546038 1.95495581085667 9 3.54 7 3.57 13 4.55
"287" 286 11264 3230.76 33 31.62 58 57.29 96 96 0.884921375826603 0.910870801849388 2.37007690335536 1.58340426879776 2.32043295659521 1.94490772254607 9 3.54 7 3.58 13 4.55
"288" 287 11247 3193.79 33 31.51 58 56.9 95 95 0.885231440981167 0.910833857176118 2.36912476566149 1.57989386871664 2.3136693690684 1.94305724892581 9 3.5 7 3.57 13 4.53
"289" 288 11230 3166.91 33 31.46 57 56.56 94 94 0.88494081770058 0.912151111544319 2.37119734990158 1.5715975844157 2.29660317778712 1.93355499256647 9 3.46 7 3.53 13 4.52
"290" 289 11212 3134.21 33 31.36 56 56.11 93 93 0.885640119728134 0.912671343328245 2.37339870133738 1.56563792074763 2.28887164004471 1.92244555291214 9 3.4 7 3.51 13 4.49
"291" 290 11194 3109.86 33 31.2 55 55.74 92 92 0.885689421943432 0.913547889368062 2.37560713233828 1.55969957854249 2.27267968924447 1.91176283520638 9 3.4 7 3.46 13 4.4
"292" 291 11176 3068.25 33 31.05 54 55.32 91 91 0.885720219020764 0.913412715116619 2.3778226771112 1.55196076403689 2.24142029882777 1.90844875275674 9 3.34 7 3.43 13 4.35
"293" 292 11157 3044.65 33 30.98 54 54.94 90 90 0.887268543977936 0.914265364084551 2.37212704985706 1.54786077184778 2.23612137498505 1.89924124568876 9 3.35 7 3.43 13 4.34
"294" 293 11138 3017.94 33 30.89 53 54.54 89 89 0.887193472158561 0.914802965836906 2.37446772268407 1.54426796993851 2.22338848823581 1.8913846597666 9 3.31 7 3.4 13 4.25
"295" 294 11118 2978.11 33 30.73 53 54.22 88 88 0.889941187658518 0.91749266794421 2.35226241678606 1.52802697870035 2.21337892821185 1.88759420869868 9 3.26 7 3.38 13 4.17
"296" 295 11098 2954.77 33 30.67 52 53.85 87 87 0.889799987494675 0.91814541683794 2.35469936473485 1.52233849784651 2.20725512468203 1.88056357063366 9 3.24 7 3.37 13 4.18
"297" 296 11077 2924.51 33 30.58 52 53.43 86 86 0.891578548895966 0.919317146069953 2.3381713538885 1.51501236096177 2.19082229191132 1.86942984543133 9 3.2 7 3.33 12 4.12
"298" 297 11056 2897.92 33 30.49 52 53.03 85 85 0.89224981088676 0.919721338145951 2.33519335458087 1.51061983850471 2.18538638906302 1.86182333218105 9 3.13 7 3.3 12 4.05
"299" 298 11035 2870.4 33 30.41 51 52.6 84 84 0.892232356773117 0.921092660203458 2.33773427532815 1.50367843730196 2.168841996282 1.85053600464709 9 3.11 7 3.31 12 4.05
"300" 299 11012 2831.05 33 30.29 50 52.2 83 83 0.892211754878193 0.922118481066882 2.34052830804996 1.50309503907038 2.1403800032503 1.84231222940899 9 3.09 7 3.28 12 4
"301" 300 10989 2808 33 30.21 49 51.82 82 82 0.89257236758371 0.922961186225702 2.34333403660443 1.49210902535691 2.12966318130132 1.83129449946544 9 3.1 7 3.24 12 3.93
"302" 301 10965 2771.1 33 30.12 49 51.42 81 81 0.896509324678671 0.924409547385587 2.33036616782276 1.48342083006816 2.1146465792378 1.82216187179709 9 3.05 7 3.17 12 3.86
"303" 302 10940 2741.66 33 30.04 49 50.99 80 80 0.89823324830901 0.925899652485114 2.32156799867925 1.47516629131707 2.09887635365758 1.81250008235387 9 3.01 7 3.11 12 3.79
"304" 303 10915 2705.62 33 29.94 48 50.57 79 79 0.898901694276295 0.927387244767459 2.32459495240962 1.47168898169378 2.07980077003319 1.79866852704518 9 2.97 7 3.06 12 3.75
"305" 304 10889 2679.12 33 29.72 48 50.16 78 78 0.90122852914206 0.927879135137974 2.31424716878178 1.46480584421846 2.06549905855636 1.78782289601501 9 2.93 7 3.01 12 3.69
"306" 305 10862 2651.6 33 29.59 47 49.73 77 77 0.901432969344389 0.929095982294583 2.31751403248617 1.45819749781617 2.05189352337161 1.77358043071735 9 2.93 7 3 12 3.68
"307" 306 10835 2617.08 33 29.47 46 49.21 76 76 0.904022680010216 0.929751032470523 2.32079717774479 1.45414802940638 2.03107128525825 1.76329423279996 9 2.89 7 2.98 12 3.59
"308" 307 10808 2566.09 33 29.31 46 48.72 75 75 0.908266081211425 0.930343560555502 2.31593296985358 1.44779813011486 2.01767824742798 1.75906834821675 9 2.81 7 2.93 12 3.54
"309" 308 10780 2538.88 33 29.17 46 48.29 74 74 0.911573130795804 0.931106811130209 2.24789577998862 1.43949541898554 2.00825906424089 1.75397447513195 9 2.84 7 2.98 12 3.53
"310" 309 10752 2505.7 33 29.09 46 47.85 73 73 0.913117615018384 0.932428822022223 2.2330043563544 1.43387288879971 2.0039325390839 1.74355123770535 9 2.81 7 2.91 12 3.5
"311" 310 10724 2470.54 33 28.97 45 47.36 72 72 0.91370455672116 0.933809850653809 2.23622368887752 1.42428585539748 1.98548368993957 1.73383548241412 9 2.76 7 2.88 12 3.45
"312" 311 10695 2435.14 33 28.85 45 46.79 71 71 0.915068129435988 0.934470142738375 2.21213621068822 1.42174123430774 1.97938797871766 1.72300877552989 9 2.74 7 2.82 12 3.41
"313" 312 10664 2405.44 33 28.78 45 46.33 70 70 0.919987466853393 0.935422743871305 2.20258772661916 1.41594961923877 1.95858628693084 1.70955497037135 9 2.75 7 2.8 12 3.34
"314" 313 10633 2359.59 33 28.68 45 45.89 69 69 0.920576918520452 0.935778322153073 2.19878500762847 1.41604226198556 1.94423947256312 1.70350874773622 9 2.64 7 2.75 12 3.28
"315" 314 10601 2326.26 33 28.57 45 45.39 68 68 0.924076985480915 0.936553970374187 2.18858747608822 1.41679487408341 1.9126224555361 1.69169364083908 8 2.6 7 2.73 12 3.24
"316" 315 10569 2299.55 33 28.44 44 45 67 67 0.923631887298647 0.938545997046947 2.19218618923372 1.41023168549856 1.90408933367183 1.68251619845421 8 2.61 7 2.68 11 3.2
"317" 316 10537 2260.56 33 28.26 43 44.59 66 66 0.924342056373295 0.938898125766634 2.19580676036929 1.40202758152419 1.89620008482298 1.67774090018277 8 2.52 7 2.66 11 3.16
"318" 317 10503 2232.28 33 28.15 42 44.19 65 65 0.923378164410139 0.939800814725893 2.1996777905371 1.39499024406908 1.88975792273354 1.66409960874459 8 2.5 7 2.59 11 3.1
"319" 318 10469 2204.77 33 28.05 42 43.67 64 64 0.925439947909521 0.940298500298294 2.19499200190788 1.39329950808276 1.87114991552955 1.6562319320397 8 2.49 7 2.55 11 3.08
"320" 319 10435 2183.51 33 27.84 42 43.22 63 63 0.927504153705746 0.941200501285054 2.17418762441294 1.38912028994661 1.85892539008689 1.64620151627364 8 2.43 7 2.53 11 2.99
"321" 320 10396 2139.85 33 27.7 42 42.74 62 62 0.929600566215276 0.941627528997399 2.17039164212713 1.38665886151388 1.84195176233528 1.63383050997069 8 2.41 6 2.49 11 2.94
"322" 321 10355 2114.03 33 27.56 42 42.26 61 61 0.93582329009618 0.943445432574727 2.16624600692539 1.37827799012143 1.78605654520717 1.62292330834381 8 2.37 6 2.49 11 2.91
"323" 322 10313 2084.76 33 27.4 41 41.66 60 60 0.935941768433609 0.944540186338225 2.17099557856224 1.37667898953432 1.77847479173015 1.61470505222737 8 2.39 6 2.45 11 2.89
"324" 323 10269 2036.28 33 27.25 41 41.18 59 59 0.939206824207749 0.944888206356112 2.15511063957074 1.37261425205922 1.76413077358989 1.60606674045896 8 2.38 6 2.4 11 2.85
"325" 324 10223 2000.12 33 27.02 41 40.65 58 58 0.941574166083646 0.945093963555509 2.05797000868808 1.37302004051346 1.75847301834874 1.59923017169175 8 2.39 6 2.35 11 2.82
"326" 325 10176 1976.43 33 26.72 41 40.14 57 57 0.941814986412094 0.945718882731929 1.96549728737959 1.3694359681075 1.74213574192661 1.59083807383895 8 2.32 6 2.32 11 2.78
"327" 326 10129 1934.51 32 26.45 40 39.56 56 56 0.941166027038944 0.947217421380743 1.96997733205397 1.36907581777684 1.74557935727566 1.58246850596671 8 2.33 6 2.33 11 2.79
"328" 327 10079 1900.98 31 26.25 39 39.02 55 55 0.940307909329021 0.94734732452622 1.97478920491861 1.36701224688454 1.74927803451187 1.57787232517943 8 2.27 6 2.28 11 2.71
"329" 328 10028 1857.72 31 26.06 38 38.51 54 54 0.943310320360312 0.94856433659675 1.979746748741 1.35827988443784 1.72615020550278 1.56740621311683 8 2.27 6 2.24 10 2.65
"330" 329 9976 1835.03 31 25.88 37 38.05 53 53 0.947279778673112 0.9505813997962 1.98485368848985 1.3523438587445 1.66660799855531 1.55115173399256 8 2.24 6 2.19 10 2.62
"331" 330 9923 1784.97 31 25.67 37 37.5 52 52 0.948523041642914 0.951352323244862 1.97780740450997 1.35048295678666 1.6410018905014 1.54786620585258 8 2.22 6 2.2 10 2.63
"332" 331 9869 1746.63 31 25.52 37 36.93 51 51 0.950514177817882 0.952345252540676 1.96947379716951 1.34721953746592 1.6334654913054 1.53627161904734 8 2.15 6 2.15 10 2.58
"333" 332 9814 1720.05 30 25.3 36 36.37 50 50 0.94985213967346 0.953598109023843 1.97490695988037 1.34346210998359 1.63701558321714 1.52447394248001 8 2.12 6 2.12 10 2.53
"334" 333 9759 1674.06 30 25.02 35 35.79 49 49 0.949000556218535 0.953379675790655 1.98040136328168 1.34234068280079 1.62219037938858 1.51384364683906 8 2.05 6 2.06 10 2.46
"335" 334 9703 1633.64 29 24.81 35 35.24 48 48 0.949688948553215 0.955422646073775 1.95149673708968 1.32929480031441 1.62578129572845 1.50882981224471 8 1.99 6 1.99 10 2.34
"336" 335 9646 1605.79 29 24.54 35 34.65 47 47 0.950419802700461 0.955666860607535 1.92650146839754 1.32185956146939 1.61123638987191 1.49965369351208 8 1.95 6 1.96 10 2.29
"337" 336 9589 1559.2 29 24.32 34 34.06 46 46 0.956340947271331 0.95670820087665 1.93200888144359 1.32209770087068 1.58026887208015 1.4882832964579 8 1.91 6 1.87 10 2.21
"338" 337 9531 1520.48 28 24.08 33 33.54 45 45 0.955418937828485 0.95860216871687 1.93768053343433 1.31268109151186 1.58380004347671 1.48118634666424 8 1.88 6 1.86 10 2.19
"339" 338 9472 1489.58 28 23.85 33 32.93 44 44 0.961984262781595 0.958772356879216 1.90297727311557 1.30725631950606 1.55473298504852 1.47286737006991 8 1.77 6 1.81 9 2.16
"340" 339 9411 1466.53 28 23.58 32 32.37 43 43 0.961415634183324 0.959974599194795 1.90883017011483 1.30409934437067 1.51319734256011 1.46453919604724 8 1.73 6 1.77 9 2.12
"341" 340 9350 1439.33 28 23.28 32 31.74 42 42 0.963827960217278 0.961941617220478 1.89280829502237 1.29576644573884 1.49538292489884 1.44924157162591 7 1.74 6 1.75 9 2.09
"342" 341 9287 1409.7 28 23.08 31 31.28 41 41 0.966352528539961 0.964771707281076 1.89886481732089 1.2811258366904 1.47385628063955 1.43339263292751 8 1.73 6 1.7 9 2.04
"343" 342 9221 1385.14 28 22.84 30 30.7 40 40 0.968149329198803 0.966337591285804 1.9052985097559 1.27605287659987 1.44332902190447 1.42116717541919 7 1.7 5 1.68 9 2.01
"344" 343 9155 1358.26 28 22.51 29 30.08 39 39 0.966583169550193 0.967671427528128 1.91182496542426 1.27282465382468 1.41105941092786 1.40640264976487 7 1.68 5 1.64 9 1.95
"345" 344 9084 1326.64 28 22.22 28 29.5 38 38 0.968875364588345 0.969235850350393 1.91895173474891 1.25622115907827 1.38887335913756 1.39886719623466 7 1.64 5 1.6 9 1.89
"346" 345 9012 1301.91 28 21.93 27 28.84 37 37 0.976490123455128 0.969272840687816 1.9262935595272 1.25640637426988 1.3650001980127 1.38768889792026 7 1.6 5 1.56 9 1.82
"347" 346 8936 1260.44 28 21.54 26 28.27 36 36 0.976080716257954 0.971132941189538 1.93417161576311 1.2463799180849 1.34519974867381 1.38286509786481 7 1.53 5 1.51 9 1.73
"348" 347 8858 1228.87 28 21.28 26 27.62 35 35 0.981169212361472 0.971811661612809 1.79678050127594 1.24589799101035 1.32150281442659 1.37528274801548 7 1.48 5 1.49 8 1.7
"349" 348 8776 1199.09 27 20.9 26 26.99 34 34 0.982325578669023 0.973130281931585 1.66833265719719 1.23624753066248 1.32450682887315 1.36358226720628 7 1.47 5 1.46 8 1.66
"350" 349 8689 1133.05 26 20.5 26 26.41 33 33 0.989347141393085 0.974652123902511 1.54935245318867 1.22072657298645 1.32775600531601 1.36344399966836 7 1.41 5 1.46 8 1.61
"351" 350 8599 1110.85 26 20.08 25 25.76 32 32 0.987324136785679 0.975609844470681 1.55510215905993 1.21394470978465 1.30894542229756 1.35275317899165 7 1.38 5 1.44 8 1.59
"352" 351 8497 1073.35 25 19.7 25 25.13 31 31 0.990665160107136 0.977230626486643 1.43925990386569 1.20330346746444 1.31265407630184 1.34865339886628 7 1.36 5 1.42 8 1.56
"353" 352 8393 1036.82 25 19.22 25 24.52 30 30 0.988833046119581 0.977768840394375 1.34047303826427 1.17508330799588 1.28987317059385 1.34712909686289 7 1.31 6 1.41 8 1.55
"354" 353 8287 1014.09 25 18.91 24 23.78 29 29 0.985638910609996 0.978393492178681 1.34482806928346 1.17307701174273 1.26257258560981 1.33294487740168 6 1.27 5 1.35 7 1.51
"355" 354 8178 982.34 25 18.47 23 23.14 28 28 0.9945651013482 0.980941305206643 1.3494240902607 1.15859428172913 1.22964174268856 1.32112888924968 6 1.19 5 1.27 7 1.4
"356" 355 8067 947.26 25 18.03 22 22.48 27 27 1 0.981665613543133 1.35423208257741 1.14745890565136 1.13128714142472 1.30693778389914 6 1.12 5 1.22 7 1.36
"357" 356 7954 916.88 24 17.58 21 21.84 26 26 1 0.983317198573033 1.35926454741665 1.14257333998297 1.13315229694156 1.29691551941754 6 1.09 5 1.14 7 1.27
"358" 357 7840 879.01 23 17.23 21 21.05 25 25 1 0.982927207003917 1.27028697353267 1.13795470635368 1.13508844003485 1.28353980830565 6 1.02 5 1.1 7 1.2
"359" 358 7719 854.3 22 16.73 21 20.33 24 24 0.998928890513222 0.984710304529578 1.23285310216803 1.13404714880225 1.13720603314849 1.27518704105872 6 0.96 5 1 6 1.11
"360" 359 7567 805.94 22 16.32 20 19.53 23 23 1 0.986949443293084 1.23753047385159 1.13614439869454 1.0499835604379 1.26245629228828 6 0.98 5 1.03 6 1.15
"361" 360 7415 782.18 22 15.85 19 18.84 22 22 1 0.987852679711744 1.24239960831221 1.13348006787126 1 1.25390026267162 6 0.94 5 0.97 6 1.08
"362" 361 7259 761.27 21 15.31 18 18.07 21 21 1 0.988473213545082 1.24760891247211 1.13338954049055 1 1.24892813665172 6 0.91 5 0.97 6 1.09
"363" 362 7096 738.98 20 14.82 17 17.29 20 20 1 0.989919985517278 1.25329665947506 1.12157956266572 1 1.22007897447151 6 0.92 4 0.94 6 1.03
"364" 363 6916 706.25 19 14.26 17 16.57 19 19 1 0.992083688906745 1.19399725268539 1.11214376030888 1 1.21460314560043 5 0.86 4 0.87 5 0.94
"365" 364 6730 669.32 18 13.68 16 15.8 18 18 1 0.992006464407778 1.19935884094683 1.10221634736677 1 1.21264916135821 5 0.81 4 0.84 5 0.88
"366" 365 6504 630.75 17 13.06 16 15.07 17 17 1 0.991168928693495 1.13287308082102 1.10056045886531 1 1.21088636145005 5 0.77 4 0.83 5 0.89
"367" 366 6270 587.87 16 12.52 15 14.32 16 16 1 0.991979025589636 1.13783198048802 1.09280735246376 1 1.21054166776501 4 0.74 4 0.79 4 0.85
"368" 367 6031 536.54 15 11.83 14 13.51 15 15 1 0.991126465175692 1.14329406693084 1.08773930640177 1 1.203357358141 4 0.74 3 0.76 4 0.84
"369" 368 5788 505.57 14 11.21 13 12.68 14 14 1 0.991921529900244 1.1493100410608 1.08619718984113 1 1.19086440876198 4 0.73 3 0.8 4 0.89
"370" 369 5541 473.01 13 10.5 12 11.86 13 13 1 0.992298388174938 1.15596580358417 1.07941960501051 1 1.19140890404371 4 0.67 3 0.72 4 0.79
"371" 370 5291 432.52 12 9.82 11 11.04 12 12 1 0.993632082183522 1.16333519517291 1.07356521492957 1 1.18341878511228 3 0.62 3 0.66 3 0.74
"372" 371 5038 397.35 11 9.11 10 10.19 11 11 1 0.994163158300331 1.17153761763793 1.06670088717344 1 1.17811167893725 3 0.55 2 0.6 3 0.64
"373" 372 0 0 0 0 0 0 0 0 0 0 0 0 0 0 0 0 0 0 0 0
"374" 373 0 0 0 0 0 0 0 0 0 0 0 0 0 0 0 0 0 0 0 0
"375" 374 0 0 0 0 0 0 0 0 0 0 0 0 0 0 0 0 0 0 0 0
"376" 375 0 0 0 0 0 0 0 0 0 0 0 0 0 0 0 0 0 0 0 0
"377" 376 0 0 0 0 0 0 0 0 0 0 0 0 0 0 0 0 0 0 0 0
"378" 377 0 0 0 0 0 0 0 0 0 0 0 0 0 0 0 0 0 0 0 0
"379" 378 0 0 0 0 0 0 0 0 0 0 0 0 0 0 0 0 0 0 0 0
"380" 379 0 0 0 0 0 0 0 0 0 0 0 0 0 0 0 0 0 0 0 0
"381" 380 0 0 0 0 0 0 0 0 0 0 0 0 0 0 0 0 0 0 0 0
"382" 381 0 0 0 0 0 0 0 0 0 0 0 0 0 0 0 0 0 0 0 0
"383" 382 0 0 0 0 0 0 0 0 0 0 0 0 0 0 0 0 0 0 0 0
